%YAML:1.0
Mat1: !!opencv-matrix
   rows: 500
   cols: 32
   dt: u
   data: [ 59, 165, 74, 37, 244, 19, 110, 255, 117, 107, 122, 215, 81,
       34, 158, 240, 127, 206, 22, 172, 253, 146, 109, 159, 190, 239,
       181, 196, 45, 244, 250, 221, 37, 238, 105, 75, 116, 15, 107, 216,
       98, 232, 125, 204, 81, 65, 221, 52, 30, 200, 22, 126, 131, 50,
       236, 125, 100, 13, 33, 236, 125, 179, 90, 177, 183, 239, 108, 10,
       223, 25, 190, 239, 95, 54, 188, 239, 104, 104, 190, 133, 63, 195,
       198, 231, 246, 59, 12, 255, 62, 14, 5, 239, 119, 126, 202, 140,
       146, 22, 91, 232, 162, 35, 89, 95, 61, 15, 240, 247, 31, 7, 168,
       93, 126, 145, 133, 164, 185, 150, 32, 194, 144, 243, 250, 134,
       189, 192, 165, 113, 6, 100, 242, 131, 118, 163, 186, 66, 30, 193,
       89, 18, 140, 138, 113, 0, 255, 57, 23, 145, 130, 180, 0, 222, 12,
       20, 154, 226, 149, 15, 49, 129, 81, 144, 239, 253, 54, 6, 121, 49,
       116, 65, 214, 199, 241, 127, 186, 99, 126, 165, 61, 173, 169, 216,
       117, 141, 206, 235, 250, 192, 45, 160, 112, 121, 39, 238, 65, 75,
       118, 155, 235, 248, 79, 232, 121, 238, 121, 64, 157, 164, 62, 200,
       22, 255, 131, 176, 108, 255, 44, 12, 165, 228, 127, 159, 82, 165,
       207, 158, 181, 221, 169, 118, 157, 59, 222, 123, 146, 118, 204,
       62, 164, 239, 199, 87, 255, 161, 241, 77, 99, 195, 128, 250, 251,
       214, 154, 108, 161, 117, 173, 49, 57, 99, 112, 79, 115, 56, 120,
       40, 119, 72, 223, 87, 8, 48, 148, 92, 84, 106, 225, 176, 249, 14,
       231, 233, 33, 0, 72, 131, 66, 179, 9, 143, 106, 203, 182, 179,
       239, 255, 86, 73, 92, 230, 189, 235, 176, 96, 127, 43, 23, 221,
       147, 152, 108, 255, 108, 13, 190, 192, 190, 202, 177, 169, 18,
       205, 67, 218, 52, 163, 235, 246, 148, 0, 218, 130, 49, 235, 176,
       64, 120, 170, 23, 201, 43, 155, 36, 255, 168, 38, 170, 192, 53,
       202, 176, 168, 2, 221, 52, 159, 237, 205, 188, 238, 159, 93, 116,
       35, 236, 254, 110, 65, 255, 123, 187, 67, 102, 123, 218, 245, 63,
       18, 223, 171, 20, 92, 141, 223, 3, 18, 111, 233, 52, 150, 121, 25,
       110, 81, 86, 231, 157, 159, 178, 96, 246, 13, 63, 157, 139, 148,
       55, 221, 198, 123, 170, 196, 28, 128, 56, 113, 3, 220, 98, 159,
       149, 179, 190, 231, 23, 67, 94, 6, 168, 250, 54, 100, 251, 107,
       147, 129, 166, 156, 52, 255, 46, 127, 158, 195, 191, 220, 185,
       222, 234, 232, 56, 254, 41, 209, 29, 238, 143, 86, 132, 153, 188,
       223, 102, 114, 201, 251, 251, 128, 78, 79, 242, 243, 211, 241,
       218, 187, 18, 20, 175, 122, 195, 18, 107, 169, 40, 33, 57, 95,
       172, 77, 214, 245, 157, 135, 162, 72, 102, 17, 95, 172, 131, 5,
       37, 211, 214, 57, 186, 196, 28, 132, 37, 241, 138, 243, 116, 186,
       239, 153, 180, 237, 207, 117, 148, 187, 238, 216, 126, 133, 175,
       11, 255, 17, 246, 107, 206, 213, 126, 81, 94, 255, 86, 12, 159,
       143, 90, 187, 151, 186, 185, 149, 28, 239, 175, 157, 160, 221,
       174, 238, 106, 211, 205, 179, 237, 149, 62, 75, 202, 241, 187,
       209, 159, 251, 146, 4, 175, 91, 11, 142, 190, 211, 167, 189, 188,
       247, 222, 127, 30, 50, 188, 248, 118, 43, 167, 99, 250, 17, 246,
       253, 46, 247, 78, 27, 127, 195, 222, 92, 137, 143, 187, 47, 250,
       30, 209, 244, 248, 71, 121, 71, 100, 17, 40, 174, 55, 253, 253,
       43, 130, 21, 182, 254, 36, 238, 63, 255, 22, 11, 195, 84, 239,
       206, 162, 30, 167, 209, 183, 175, 177, 87, 157, 255, 86, 119, 60,
       61, 183, 47, 173, 50, 255, 17, 161, 253, 51, 206, 13, 26, 222,
       210, 207, 92, 53, 255, 82, 142, 6, 188, 19, 134, 42, 103, 181,
       128, 202, 199, 237, 226, 32, 192, 101, 231, 171, 133, 252, 137,
       20, 239, 184, 38, 154, 192, 8, 36, 169, 28, 135, 43, 70, 18, 229,
       146, 174, 97, 252, 200, 83, 247, 72, 202, 246, 169, 252, 41, 146,
       247, 181, 215, 14, 236, 30, 24, 143, 195, 205, 39, 249, 212, 129,
       180, 149, 159, 204, 37, 164, 239, 30, 59, 73, 84, 180, 242, 72,
       35, 201, 74, 2, 12, 115, 126, 218, 115, 45, 22, 223, 108, 152, 72,
       145, 176, 61, 121, 227, 167, 214, 6, 111, 212, 113, 197, 95, 198,
       113, 55, 249, 116, 126, 206, 20, 207, 201, 146, 189, 106, 240,
       172, 174, 128, 175, 179, 178, 249, 135, 150, 117, 93, 172, 58,
       173, 59, 252, 82, 115, 244, 237, 108, 188, 239, 167, 119, 126, 42,
       241, 101, 47, 255, 132, 250, 123, 134, 94, 228, 225, 181, 11, 59,
       38, 186, 95, 180, 186, 210, 156, 204, 216, 231, 172, 136, 55, 205,
       236, 107, 147, 213, 134, 203, 22, 232, 20, 81, 154, 138, 157, 93,
       57, 223, 1, 8, 133, 219, 13, 175, 105, 146, 142, 59, 146, 82, 255,
       3, 49, 106, 201, 34, 127, 28, 139, 229, 91, 240, 141, 218, 219,
       16, 144, 89, 81, 40, 121, 6, 215, 69, 85, 90, 102, 59, 117, 226,
       254, 70, 107, 97, 149, 247, 122, 228, 238, 168, 233, 240, 117,
       206, 54, 255, 229, 4, 111, 236, 112, 44, 202, 184, 145, 250, 43,
       229, 25, 214, 171, 27, 160, 29, 174, 215, 97, 90, 199, 187, 255,
       144, 11, 79, 242, 241, 153, 208, 90, 187, 144, 84, 39, 123, 2,
       188, 186, 186, 247, 164, 177, 199, 190, 95, 88, 55, 172, 248, 106,
       8, 175, 43, 147, 149, 22, 186, 146, 243, 77, 54, 26, 235, 208, 68,
       167, 207, 186, 200, 42, 254, 93, 197, 246, 101, 151, 5, 197, 18,
       96, 217, 40, 192, 248, 187, 163, 195, 122, 191, 26, 191, 243, 231,
       154, 107, 19, 10, 188, 170, 227, 185, 185, 252, 237, 212, 153, 55,
       27, 251, 116, 56, 188, 158, 86, 115, 135, 63, 53, 1, 247, 110,
       242, 211, 223, 251, 126, 234, 84, 0, 131, 123, 253, 225, 0, 142,
       77, 29, 78, 248, 193, 228, 181, 14, 203, 64, 250, 166, 88, 192,
       202, 110, 205, 35, 252, 191, 247, 217, 133, 61, 123, 191, 218,
       212, 194, 191, 182, 180, 251, 205, 184, 103, 185, 93, 18, 127, 44,
       188, 38, 3, 167, 51, 247, 1, 182, 75, 2, 229, 95, 83, 94, 203,
       194, 68, 191, 223, 130, 189, 106, 158, 203, 208, 189, 231, 184,
       87, 80, 183, 168, 190, 118, 171, 110, 59, 179, 129, 119, 94, 182,
       227, 52, 32, 222, 235, 77, 68, 191, 222, 131, 12, 131, 183, 70,
       160, 172, 103, 173, 67, 90, 215, 173, 46, 48, 70, 238, 171, 27,
       133, 245, 156, 84, 234, 148, 52, 154, 130, 13, 76, 49, 220, 39,
       47, 106, 138, 244, 177, 250, 194, 77, 72, 88, 199, 32, 200, 183,
       128, 218, 235, 23, 213, 151, 186, 68, 252, 62, 28, 142, 203, 157,
       207, 120, 157, 10, 62, 208, 181, 115, 162, 184, 103, 185, 131, 26,
       247, 173, 47, 0, 3, 239, 183, 159, 133, 48, 216, 0, 234, 214, 215,
       250, 131, 175, 68, 169, 155, 33, 193, 241, 79, 180, 205, 199, 253,
       79, 9, 124, 10, 179, 253, 188, 36, 88, 154, 22, 72, 219, 58, 125,
       189, 45, 252, 4, 104, 83, 154, 196, 172, 191, 247, 99, 162, 215,
       163, 111, 253, 17, 206, 217, 239, 73, 239, 185, 149, 127, 235,
       151, 239, 232, 131, 44, 222, 248, 70, 175, 236, 39, 246, 182, 249,
       50, 106, 106, 30, 125, 217, 211, 96, 95, 70, 244, 11, 42, 200, 55,
       4, 216, 171, 135, 71, 204, 175, 102, 255, 146, 124, 152, 187, 85,
       31, 94, 206, 185, 221, 117, 75, 116, 223, 206, 249, 84, 104, 120,
       70, 115, 28, 180, 161, 94, 40, 22, 110, 245, 184, 125, 63, 39,
       205, 33, 132, 127, 170, 210, 181, 60, 115, 250, 229, 116, 15, 127,
       81, 1, 172, 125, 111, 19, 73, 219, 16, 126, 200, 7, 126, 202, 178,
       32, 12, 246, 205, 37, 164, 101, 186, 198, 243, 34, 253, 118, 154,
       255, 221, 190, 230, 191, 220, 252, 175, 44, 254, 102, 148, 239,
       251, 223, 195, 230, 75, 186, 253, 63, 94, 15, 171, 87, 95, 239,
       223, 0, 171, 146, 251, 249, 173, 52, 199, 159, 25, 72, 80, 172,
       211, 96, 76, 215, 59, 42, 16, 18, 88, 210, 243, 141, 148, 30, 106,
       144, 72, 161, 141, 18, 89, 58, 184, 15, 205, 177, 198, 142, 196,
       64, 3, 150, 158, 99, 72, 224, 57, 27, 81, 68, 29, 18, 176, 209,
       193, 26, 59, 16, 56, 21, 218, 193, 137, 189, 249, 236, 88, 253,
       175, 122, 63, 52, 18, 157, 59, 80, 107, 171, 7, 54, 24, 112, 120,
       227, 193, 207, 251, 119, 237, 212, 104, 199, 171, 82, 140, 142,
