%YAML:1.0
Mat10: !!opencv-matrix
   rows: 500
   cols: 32
   dt: u
   data: [ 250, 248, 184, 242, 185, 221, 92, 207, 155, 249, 180, 57, 175,
       223, 70, 182, 205, 247, 253, 16, 79, 79, 250, 181, 155, 211, 213,
       255, 154, 28, 142, 94, 46, 133, 32, 170, 181, 131, 186, 105, 14,
       13, 89, 3, 201, 78, 56, 64, 216, 27, 151, 177, 22, 136, 73, 221,
       47, 81, 171, 197, 148, 14, 180, 131, 218, 157, 62, 190, 189, 197,
       145, 255, 143, 93, 148, 27, 190, 255, 40, 66, 205, 51, 255, 1, 59,
       75, 250, 181, 251, 211, 159, 219, 16, 12, 165, 123, 218, 157, 158,
       254, 185, 221, 28, 191, 175, 25, 134, 16, 254, 255, 40, 115, 197,
       115, 253, 1, 115, 73, 250, 245, 235, 243, 95, 155, 16, 0, 165, 59,
       93, 56, 190, 116, 9, 108, 81, 218, 235, 250, 166, 24, 222, 255,
       67, 123, 165, 245, 236, 18, 8, 71, 187, 224, 219, 251, 87, 59,
       194, 113, 35, 67, 220, 48, 250, 112, 169, 109, 81, 91, 235, 251,
       167, 24, 159, 255, 67, 123, 167, 245, 253, 16, 42, 103, 186, 192,
       219, 249, 85, 63, 226, 96, 7, 99, 61, 79, 68, 237, 206, 3, 206,
       255, 68, 146, 88, 226, 81, 105, 177, 231, 126, 64, 22, 235, 233,
       178, 69, 140, 40, 202, 239, 132, 63, 248, 120, 169, 28, 91, 27,
       224, 134, 195, 63, 247, 132, 142, 222, 162, 61, 143, 33, 64, 118,
       241, 143, 195, 72, 149, 0, 238, 242, 199, 47, 129, 53, 186, 165,
       27, 19, 223, 111, 156, 22, 147, 207, 246, 196, 64, 218, 231, 49,
       204, 183, 97, 110, 235, 23, 239, 237, 171, 38, 253, 112, 105, 174,
       136, 61, 158, 240, 220, 147, 203, 111, 190, 22, 130, 207, 244,
       132, 64, 210, 230, 49, 239, 177, 97, 110, 227, 31, 207, 233, 139,
       38, 173, 240, 169, 174, 136, 61, 186, 48, 120, 109, 119, 59, 103,
       116, 15, 79, 48, 97, 232, 127, 76, 243, 81, 153, 48, 148, 236, 84,
       110, 201, 176, 249, 44, 231, 221, 37, 160, 106, 179, 66, 177, 133,
       95, 115, 69, 116, 14, 239, 176, 125, 74, 126, 100, 211, 81, 149,
       52, 62, 108, 22, 110, 225, 180, 37, 78, 36, 190, 36, 132, 74, 250,
       67, 177, 220, 177, 185, 250, 169, 205, 85, 223, 239, 93, 177, 25,
       190, 255, 104, 91, 165, 211, 255, 81, 26, 107, 250, 241, 219, 217,
       87, 127, 210, 69, 135, 115, 17, 139, 27, 233, 52, 135, 235, 119,
       68, 73, 90, 70, 181, 131, 176, 96, 124, 42, 22, 140, 211, 184, 32,
       255, 237, 173, 170, 192, 24, 136, 241, 169, 40, 189, 51, 250, 117,
       253, 123, 208, 191, 72, 252, 8, 127, 255, 52, 176, 220, 187, 215,
       8, 139, 186, 122, 247, 215, 221, 163, 170, 90, 139, 70, 179, 169,
       4, 117, 127, 52, 255, 224, 50, 116, 107, 115, 82, 243, 56, 148,
       232, 88, 180, 110, 9, 169, 188, 117, 47, 133, 239, 112, 64, 101,
       137, 80, 44, 133, 89, 30, 170, 236, 4, 110, 148, 206, 88, 21, 101,
       221, 219, 251, 107, 198, 65, 31, 79, 199, 0, 158, 224, 228, 25,
       239, 168, 28, 243, 185, 145, 183, 133, 166, 159, 157, 27, 224,
       232, 223, 242, 211, 19, 194, 232, 54, 231, 249, 230, 122, 173,
       188, 251, 207, 202, 28, 58, 207, 23, 221, 108, 121, 132, 87, 230,
       134, 181, 141, 2, 236, 235, 191, 182, 202, 135, 76, 234, 122, 194,
       249, 205, 251, 181, 108, 215, 207, 202, 188, 34, 223, 213, 165,
       44, 185, 68, 82, 230, 198, 183, 75, 99, 56, 238, 191, 180, 138,
       163, 77, 230, 72, 82, 127, 223, 235, 144, 10, 83, 139, 241, 156,
       162, 207, 191, 165, 116, 47, 90, 49, 83, 107, 75, 86, 11, 239,
       248, 85, 104, 125, 238, 115, 65, 189, 52, 126, 168, 22, 238, 201,
       178, 109, 61, 118, 140, 161, 128, 127, 187, 114, 249, 250, 176,
       185, 248, 171, 245, 81, 75, 187, 95, 181, 25, 31, 223, 104, 26,
       239, 153, 253, 16, 26, 111, 178, 147, 219, 219, 80, 127, 178, 76,
       230, 243, 34, 217, 115, 203, 116, 193, 187, 236, 95, 9, 120, 226,
       40, 220, 52, 64, 254, 59, 23, 193, 195, 186, 0, 253, 36, 28, 170,
       226, 93, 26, 113, 153, 120, 180, 59, 250, 185, 237, 81, 71, 175,
       57, 172, 24, 190, 159, 104, 56, 137, 187, 223, 16, 27, 107, 242,
       209, 219, 217, 18, 123, 218, 64, 135, 59, 51, 95, 98, 158, 125,
       145, 158, 228, 217, 74, 248, 175, 46, 200, 55, 132, 222, 227, 151,
       103, 236, 43, 6, 255, 178, 116, 138, 187, 95, 127, 56, 223, 42,
       177, 114, 186, 113, 213, 120, 81, 175, 77, 125, 45, 44, 223, 110,
       212, 252, 187, 147, 144, 150, 26, 186, 245, 31, 93, 154, 235, 19,
       134, 238, 223, 2, 223, 90, 143, 54, 131, 238, 119, 69, 1, 88, 102,
       33, 202, 180, 64, 90, 42, 23, 193, 194, 184, 0, 253, 34, 124, 170,
       192, 61, 154, 248, 137, 27, 205, 42, 170, 52, 147, 174, 119, 20,
       73, 220, 199, 189, 206, 178, 64, 126, 43, 23, 205, 194, 155, 36,
       255, 112, 101, 170, 128, 21, 30, 177, 249, 142, 180, 176, 155,
       253, 253, 184, 203, 31, 125, 85, 19, 140, 222, 110, 172, 207, 27,
       179, 17, 54, 124, 122, 211, 15, 87, 155, 239, 150, 76, 157, 215,
       59, 95, 99, 206, 118, 146, 239, 240, 213, 72, 222, 230, 121, 233,
       183, 100, 126, 234, 23, 239, 201, 171, 44, 255, 50, 110, 163, 136,
       63, 191, 112, 253, 3, 223, 98, 143, 118, 150, 190, 247, 28, 77,
       88, 167, 40, 204, 182, 64, 254, 43, 151, 197, 198, 154, 52, 255,
       38, 101, 190, 139, 61, 158, 189, 221, 139, 157, 19, 191, 114, 160,
       185, 119, 188, 73, 90, 242, 188, 191, 160, 96, 166, 59, 183, 129,
       179, 152, 2, 231, 204, 55, 58, 194, 12, 4, 161, 251, 11, 158, 174,
       223, 179, 246, 57, 183, 63, 95, 94, 181, 172, 254, 182, 228, 247,
       63, 179, 141, 183, 216, 55, 255, 111, 127, 190, 195, 150, 196,
       173, 255, 11, 191, 34, 155, 247, 245, 184, 247, 30, 79, 92, 183,
       172, 254, 178, 228, 255, 59, 147, 149, 182, 152, 54, 247, 79, 87,
       158, 235, 150, 76, 189, 223, 56, 221, 106, 222, 116, 215, 255,
       246, 84, 76, 94, 2, 121, 253, 183, 96, 126, 250, 151, 203, 234,
       186, 52, 255, 119, 47, 170, 128, 55, 187, 116, 249, 130, 132, 166,
       159, 222, 162, 172, 238, 158, 19, 211, 147, 236, 238, 60, 73, 255,
       111, 59, 161, 54, 219, 139, 255, 60, 38, 223, 202, 149, 124, 177,
       142, 130, 189, 166, 159, 251, 160, 188, 206, 191, 87, 218, 179,
       236, 238, 62, 75, 255, 255, 255, 149, 54, 207, 139, 243, 156, 54,
       222, 203, 133, 69, 167, 223, 248, 40, 62, 240, 41, 204, 81, 83,
       235, 31, 180, 24, 191, 159, 64, 27, 132, 177, 221, 24, 10, 111,
       162, 17, 211, 217, 112, 121, 98, 128, 70, 43, 56, 221, 106, 254,
       116, 215, 255, 246, 84, 76, 254, 2, 123, 253, 183, 96, 126, 250,
       151, 202, 234, 186, 48, 191, 115, 239, 162, 129, 119, 155, 116,
       251, 230, 245, 226, 174, 223, 67, 222, 236, 27, 230, 185, 171,
       206, 252, 127, 3, 255, 215, 247, 227, 108, 99, 220, 255, 63, 22,
       207, 191, 245, 127, 247, 214, 125, 97, 89, 229, 52, 14, 127, 56,
       45, 168, 247, 72, 223, 11, 153, 112, 254, 141, 92, 106, 201, 176,
       65, 140, 246, 253, 33, 132, 110, 163, 66, 33, 2, 50, 119, 251,
       110, 173, 248, 81, 191, 89, 243, 227, 156, 223, 52, 233, 238, 185,
       255, 133, 130, 183, 7, 209, 151, 122, 122, 234, 87, 143, 37, 247,
       166, 253, 146, 154, 203, 229, 190, 236, 158, 186, 217, 42, 204,
       254, 105, 3, 255, 123, 251, 243, 114, 83, 218, 251, 61, 20, 143,
       191, 144, 127, 167, 147, 229, 121, 125, 103, 244, 15, 111, 188,
       113, 232, 119, 76, 211, 85, 153, 51, 30, 220, 84, 106, 233, 244,
       249, 46, 103, 137, 101, 148, 96, 187, 66, 241, 74, 185, 182, 186,
       169, 253, 48, 199, 171, 23, 136, 25, 172, 254, 102, 222, 227, 51,
       235, 17, 22, 75, 146, 241, 155, 119, 94, 123, 146, 68, 175, 78,
       40, 60, 186, 113, 245, 237, 113, 87, 255, 11, 108, 24, 190, 151,
       64, 56, 133, 58, 94, 24, 3, 188, 114, 51, 199, 223, 48, 112, 194,
       200, 198, 43, 109, 224, 145, 64, 137, 124, 2, 140, 99, 49, 169,
       88, 210, 210, 204, 182, 25, 156, 108, 58, 11, 98, 251, 2, 29, 156,
       5, 124, 195, 114, 226, 36, 90, 185, 178, 186, 185, 253, 16, 199,
       171, 21, 172, 25, 174, 254, 102, 158, 163, 187, 235, 17, 22, 107,
