%YAML:1.0
Mat2: !!opencv-matrix
   rows: 500
   cols: 32
   dt: u
   data: [ 169, 44, 113, 81, 228, 46, 233, 23, 124, 43, 114, 80, 147, 35,
       132, 57, 63, 158, 102, 8, 177, 252, 101, 70, 71, 170, 112, 64,
       225, 192, 194, 169, 88, 251, 90, 42, 50, 137, 90, 80, 33, 4, 253,
       237, 47, 203, 194, 144, 182, 185, 205, 102, 78, 3, 128, 61, 242,
       229, 32, 185, 106, 130, 43, 27, 88, 237, 58, 120, 27, 221, 16,
       199, 239, 49, 172, 8, 190, 155, 96, 48, 161, 187, 216, 0, 90, 43,
       146, 243, 243, 221, 18, 123, 82, 0, 175, 34, 147, 142, 134, 159,
       95, 179, 174, 234, 150, 242, 219, 215, 96, 232, 54, 192, 125, 239,
       187, 167, 174, 223, 79, 255, 60, 38, 207, 141, 61, 108, 56, 156,
       159, 207, 194, 158, 222, 179, 142, 252, 23, 230, 217, 247, 105,
       232, 191, 193, 127, 235, 183, 231, 252, 195, 79, 255, 184, 70,
       239, 237, 189, 255, 184, 221, 220, 124, 214, 246, 171, 47, 124,
       250, 187, 186, 176, 57, 207, 251, 73, 219, 231, 247, 255, 34, 44,
       67, 218, 232, 255, 251, 103, 63, 162, 240, 39, 3, 47, 36, 226, 8,
       85, 183, 234, 74, 95, 65, 125, 143, 40, 200, 63, 132, 249, 168,
       146, 189, 134, 178, 28, 223, 62, 92, 139, 107, 223, 207, 122, 132,
       49, 79, 67, 236, 52, 135, 238, 127, 84, 8, 218, 70, 113, 97, 177,
       96, 126, 170, 30, 236, 201, 187, 5, 191, 184, 174, 166, 192, 61,
       154, 112, 169, 236, 116, 56, 97, 224, 79, 119, 180, 49, 142, 118,
       24, 223, 87, 11, 48, 149, 212, 93, 106, 104, 244, 241, 14, 231,
       255, 37, 21, 64, 240, 70, 243, 131, 172, 71, 155, 92, 155, 234,
       232, 126, 98, 250, 214, 225, 200, 148, 164, 123, 204, 122, 175,
       167, 244, 77, 255, 52, 46, 131, 0, 111, 143, 121, 132, 82, 46,
       146, 158, 203, 227, 188, 106, 190, 134, 203, 179, 108, 230, 34,
       80, 255, 255, 235, 129, 36, 67, 138, 254, 144, 38, 219, 171, 21,
       100, 37, 3, 13, 43, 123, 119, 244, 143, 111, 153, 127, 72, 119,
       76, 223, 115, 149, 120, 215, 78, 126, 62, 147, 240, 233, 124, 110,
       255, 37, 132, 202, 219, 195, 161, 151, 91, 103, 142, 103, 150,
       234, 112, 141, 200, 211, 231, 72, 206, 183, 229, 126, 233, 159,
       239, 229, 135, 6, 204, 18, 120, 203, 138, 63, 191, 57, 213, 90,
       201, 20, 188, 29, 213, 152, 167, 143, 21, 138, 3, 174, 190, 38,
       196, 192, 51, 253, 65, 78, 11, 210, 245, 177, 245, 26, 123, 18,
       30, 173, 14, 252, 244, 30, 114, 168, 77, 87, 180, 177, 159, 182,
       56, 223, 115, 8, 83, 131, 214, 205, 106, 40, 229, 202, 44, 251,
       251, 100, 25, 226, 208, 206, 35, 43, 36, 194, 73, 85, 187, 226,
       75, 91, 97, 121, 74, 8, 136, 245, 164, 121, 138, 130, 156, 151,
       186, 212, 210, 30, 28, 144, 110, 223, 206, 122, 132, 175, 216,
       102, 222, 109, 151, 187, 248, 221, 82, 245, 239, 104, 204, 183,
       229, 238, 225, 247, 239, 229, 55, 126, 255, 22, 123, 203, 138, 95,
       175, 120, 221, 11, 140, 111, 217, 212, 215, 169, 119, 86, 69, 94,
       18, 184, 175, 182, 96, 123, 42, 19, 157, 179, 184, 39, 223, 111,
       15, 191, 192, 151, 136, 241, 232, 191, 90, 103, 222, 109, 151,
       234, 120, 221, 74, 245, 238, 104, 204, 183, 245, 238, 160, 223,
       239, 237, 167, 126, 253, 22, 90, 195, 154, 95, 175, 120, 245, 161,
       49, 29, 81, 81, 223, 97, 65, 120, 112, 96, 8, 146, 149, 68, 57,
       128, 24, 64, 104, 35, 254, 240, 93, 7, 152, 0, 98, 64, 0, 67, 160,
       120, 121, 122, 238, 121, 196, 90, 116, 161, 4, 236, 9, 63, 223,
       35, 80, 238, 249, 221, 194, 74, 11, 146, 45, 243, 237, 160, 9, 34,
       131, 46, 90, 189, 81, 106, 204, 92, 211, 235, 120, 84, 64, 245, 2,
       113, 217, 191, 97, 120, 168, 23, 235, 201, 179, 126, 157, 83, 9,
       163, 168, 119, 171, 116, 224, 172, 100, 212, 179, 233, 45, 116,
       202, 191, 179, 243, 25, 207, 251, 73, 155, 139, 223, 110, 18, 62,
       247, 203, 178, 157, 243, 85, 127, 224, 241, 194, 131, 253, 94,
       255, 101, 100, 110, 111, 48, 117, 206, 255, 100, 211, 125, 145,
       123, 94, 252, 62, 106, 233, 180, 117, 42, 231, 251, 225, 144, 103,
       251, 116, 113, 181, 72, 107, 222, 84, 135, 235, 120, 212, 68, 87,
       2, 113, 205, 181, 100, 120, 168, 22, 234, 233, 183, 62, 255, 113,
       46, 163, 136, 117, 171, 116, 232, 78, 26, 187, 254, 237, 244, 185,
       83, 143, 207, 253, 34, 188, 255, 247, 110, 207, 49, 191, 139, 144,
       7, 234, 224, 215, 255, 250, 187, 150, 111, 37, 243, 143, 156, 239,
       243, 166, 50, 253, 183, 61, 115, 70, 146, 221, 63, 86, 107, 103,
       87, 187, 157, 177, 220, 181, 226, 206, 123, 222, 68, 167, 212,
       181, 248, 230, 253, 104, 206, 205, 101, 222, 232, 203, 246, 185,
       11, 64, 252, 127, 3, 217, 209, 91, 231, 236, 35, 250, 240, 59, 88,
       143, 63, 85, 123, 246, 214, 34, 205, 33, 222, 125, 145, 190, 231,
       223, 9, 88, 99, 40, 248, 52, 196, 200, 59, 147, 193, 82, 58, 66,
       255, 55, 60, 158, 203, 21, 28, 253, 174, 82, 75, 70, 188, 50, 128,
       190, 70, 173, 132, 210, 231, 45, 143, 163, 64, 102, 249, 175, 197,
       64, 137, 134, 236, 176, 32, 186, 139, 37, 181, 37, 219, 33, 184,
       193, 245, 116, 175, 235, 23, 60, 41, 122, 248, 179, 21, 144, 48,
       126, 254, 119, 29, 187, 184, 197, 39, 228, 190, 176, 192, 237,
       136, 210, 169, 121, 233, 104, 104, 52, 201, 67, 244, 2, 236, 180,
       41, 19, 147, 194, 16, 88, 236, 85, 126, 74, 11, 224, 60, 250, 141,
       165, 253, 105, 138, 82, 91, 60, 97, 122, 109, 116, 31, 91, 112,
       97, 168, 245, 8, 91, 89, 151, 48, 94, 172, 87, 110, 200, 178, 97,
       156, 246, 217, 33, 48, 103, 171, 66, 161, 227, 34, 224, 21, 109,
       25, 248, 67, 123, 247, 117, 157, 138, 136, 214, 159, 138, 172,
       231, 5, 134, 126, 230, 192, 22, 24, 208, 171, 71, 140, 94, 206,
       252, 120, 184, 104, 201, 69, 87, 220, 115, 182, 164, 8, 31, 151,
       67, 58, 249, 220, 85, 122, 74, 103, 250, 16, 251, 201, 37, 61,
       240, 179, 102, 226, 11, 141, 58, 217, 213, 255, 232, 103, 127, 1,
       110, 18, 168, 178, 54, 228, 249, 170, 146, 156, 54, 184, 112, 255,
       47, 127, 146, 65, 147, 76, 248, 142, 6, 164, 144, 155, 244, 173,
       184, 207, 30, 59, 89, 113, 180, 248, 124, 8, 151, 27, 51, 21, 23,
       120, 202, 243, 12, 20, 159, 234, 156, 75, 145, 143, 10, 159, 51,
       191, 181, 207, 181, 119, 140, 205, 90, 37, 174, 173, 34, 4, 164,
       59, 143, 1, 194, 185, 32, 191, 237, 84, 30, 3, 82, 76, 149, 251,
       162, 254, 18, 158, 125, 129, 182, 230, 158, 30, 80, 39, 172, 216,
       39, 197, 207, 123, 163, 67, 102, 110, 74, 255, 101, 18, 31, 43,
       88, 28, 61, 159, 170, 206, 45, 158, 77, 212, 157, 239, 159, 23,
       212, 147, 172, 238, 62, 69, 205, 19, 187, 133, 98, 15, 122, 247,
       119, 115, 222, 155, 23, 28, 181, 238, 86, 65, 166, 225, 141, 46,
       252, 151, 171, 185, 186, 2, 142, 58, 85, 74, 233, 199, 127, 145,
       136, 235, 211, 192, 159, 254, 222, 22, 129, 124, 241, 10, 124, 57,
       250, 100, 180, 205, 83, 81, 99, 165, 108, 8, 19, 243, 65, 48, 16,
       254, 68, 88, 24, 58, 240, 0, 251, 205, 37, 120, 224, 170, 70, 34,
       116, 251, 189, 224, 45, 141, 21, 140, 203, 181, 128, 12, 198, 188,
       66, 50, 132, 85, 237, 81, 158, 107, 250, 176, 217, 209, 77, 126,
       128, 26, 151, 118, 57, 121, 122, 109, 116, 143, 123, 112, 37, 8,
       124, 8, 255, 31, 147, 112, 126, 185, 85, 106, 200, 178, 112, 61,
       243, 253, 32, 128, 98, 187, 98, 169, 10, 187, 2, 139, 243, 145,
       186, 231, 15, 65, 88, 231, 172, 174, 102, 196, 238, 43, 147, 197,
       214, 26, 2, 245, 60, 20, 158, 235, 30, 14, 169, 223, 206, 112,
       180, 154, 77, 213, 184, 200, 143, 95, 181, 27, 140, 222, 111, 143,
       205, 17, 219, 83, 6, 103, 186, 208, 159, 80, 91, 127, 146, 29, 45,
       215, 10, 171, 2, 153, 243, 145, 188, 231, 191, 5, 74, 135, 172,
       174, 118, 196, 247, 43, 187, 149, 86, 152, 134, 247, 60, 22, 158,
       203, 158, 4, 169, 222, 121, 233, 105, 42, 57, 205, 91, 216, 131,
       104, 181, 73, 59, 159, 82, 16, 216, 192, 93, 126, 78, 3, 201, 49,
       219, 205, 161, 253, 114, 143, 86, 75, 8, 128, 110, 249, 100, 179,
