%YAML:1.0
Mat3: !!opencv-matrix
   rows: 500
   cols: 32
   dt: u
   data: [ 49, 199, 111, 175, 20, 2, 79, 245, 100, 4, 222, 231, 115, 97,
       186, 65, 124, 228, 29, 239, 232, 177, 13, 45, 240, 169, 170, 144,
       61, 186, 240, 104, 183, 132, 237, 68, 212, 87, 199, 248, 83, 234,
       242, 75, 83, 120, 149, 32, 217, 196, 119, 237, 173, 243, 125, 142,
       123, 62, 229, 148, 237, 235, 114, 229, 220, 56, 149, 112, 170,
       104, 65, 150, 163, 177, 130, 120, 159, 183, 193, 123, 7, 215, 108,
       88, 59, 77, 171, 32, 217, 224, 117, 24, 160, 241, 130, 49, 120,
       227, 24, 38, 17, 136, 86, 228, 97, 132, 232, 9, 102, 97, 10, 144,
       152, 230, 196, 98, 76, 242, 200, 47, 242, 245, 4, 19, 74, 18, 238,
       10, 120, 185, 122, 97, 240, 207, 115, 53, 33, 44, 108, 9, 51, 23,
       2, 16, 62, 188, 69, 104, 26, 154, 240, 13, 231, 237, 32, 97, 96,
       130, 198, 235, 124, 106, 89, 96, 40, 233, 80, 26, 34, 62, 176, 41,
       159, 9, 1, 152, 139, 253, 196, 0, 14, 102, 194, 16, 195, 225, 33,
       61, 96, 153, 78, 131, 65, 52, 181, 82, 160, 122, 16, 2, 122, 51,
       43, 24, 94, 50, 128, 57, 131, 22, 72, 0, 161, 72, 188, 48, 137,
       255, 80, 34, 192, 65, 7, 37, 91, 50, 244, 69, 97, 30, 120, 17,
       105, 252, 54, 237, 141, 14, 215, 183, 166, 133, 245, 189, 197,
       216, 229, 192, 134, 217, 105, 167, 79, 164, 75, 93, 37, 16, 125,
       69, 100, 110, 227, 24, 116, 238, 119, 68, 211, 17, 157, 61, 26, 4,
       70, 42, 137, 180, 117, 8, 71, 170, 97, 4, 97, 171, 70, 225, 24,
       157, 63, 173, 148, 194, 107, 119, 36, 12, 218, 3, 181, 55, 32, 64,
       108, 54, 31, 160, 120, 153, 33, 31, 233, 231, 170, 192, 52, 138,
       165, 123, 3, 64, 103, 218, 68, 166, 170, 112, 132, 67, 91, 215,
       80, 206, 60, 32, 124, 169, 19, 175, 209, 149, 28, 229, 21, 46,
       218, 192, 13, 143, 177, 148, 104, 124, 49, 67, 163, 91, 23, 133,
       104, 44, 44, 40, 130, 25, 5, 48, 145, 86, 204, 66, 64, 224, 233,
       34, 103, 213, 36, 51, 66, 82, 199, 171, 15, 6, 226, 145, 247, 48,
       184, 202, 27, 247, 14, 151, 200, 238, 127, 206, 127, 79, 179, 181,
       182, 212, 172, 194, 14, 86, 223, 231, 135, 101, 57, 212, 53, 125,
       234, 75, 214, 123, 230, 206, 117, 227, 255, 98, 83, 120, 189, 160,
       121, 202, 6, 243, 157, 178, 109, 46, 54, 13, 37, 5, 253, 251, 250,
       134, 253, 120, 186, 102, 77, 93, 87, 208, 96, 202, 238, 8, 82,
       241, 71, 58, 177, 252, 104, 74, 13, 247, 249, 34, 83, 237, 68, 17,
       225, 115, 78, 170, 88, 193, 95, 108, 131, 210, 85, 37, 229, 64,
       238, 32, 123, 23, 0, 112, 50, 181, 252, 224, 89, 137, 161, 77,
       243, 233, 2, 3, 98, 130, 167, 34, 66, 16, 255, 141, 98, 78, 185,
       66, 168, 121, 82, 242, 156, 62, 36, 74, 230, 53, 59, 1, 145, 217,
       145, 192, 69, 50, 122, 130, 148, 41, 5, 179, 135, 182, 233, 179,
       174, 49, 171, 89, 94, 123, 17, 246, 209, 76, 254, 43, 127, 9, 23,
       191, 183, 116, 47, 210, 76, 9, 175, 228, 221, 107, 209, 245, 232,
       62, 147, 101, 65, 126, 99, 34, 121, 130, 104, 72, 47, 51, 1, 151,
       48, 124, 192, 40, 32, 240, 144, 8, 197, 249, 0, 19, 66, 112, 70,
       170, 56, 27, 126, 100, 65, 207, 117, 119, 165, 12, 238, 1, 42,
       183, 34, 16, 168, 183, 227, 128, 72, 171, 48, 77, 243, 227, 80, 1,
       99, 0, 230, 234, 199, 150, 105, 15, 16, 30, 43, 184, 124, 100,
       207, 212, 221, 102, 154, 244, 126, 197, 92, 239, 189, 150, 253,
       95, 164, 54, 43, 196, 28, 167, 35, 116, 45, 204, 117, 91, 212,
       251, 226, 246, 116, 65, 123, 82, 251, 28, 156, 164, 123, 154, 6,
       153, 191, 184, 101, 255, 38, 78, 50, 64, 247, 137, 240, 172, 73,
       185, 24, 97, 225, 28, 112, 23, 105, 25, 108, 92, 158, 19, 0, 56,
       128, 7, 68, 24, 23, 104, 144, 0, 207, 249, 52, 2, 200, 64, 203,
       131, 187, 95, 118, 158, 79, 50, 188, 200, 221, 86, 87, 183, 109,
       12, 191, 207, 102, 147, 175, 103, 228, 165, 47, 253, 22, 99, 82,
       131, 55, 221, 125, 93, 10, 201, 26, 185, 217, 221, 176, 199, 159,
       21, 76, 3, 172, 158, 38, 192, 201, 59, 163, 17, 22, 152, 82, 241,
       175, 117, 30, 107, 18, 28, 173, 142, 19, 201, 99, 136, 215, 150,
       235, 71, 85, 193, 222, 130, 41, 138, 182, 228, 124, 174, 19, 221,
       223, 155, 36, 238, 63, 44, 142, 192, 183, 140, 248, 236, 232, 0,
       146, 60, 201, 237, 48, 79, 190, 7, 224, 25, 14, 163, 96, 152, 153,
       191, 226, 0, 20, 111, 210, 18, 87, 247, 80, 123, 210, 64, 206,
       138, 49, 95, 107, 232, 116, 131, 233, 87, 4, 232, 218, 230, 49,
       137, 177, 96, 110, 168, 23, 157, 201, 187, 36, 158, 248, 141, 174,
       128, 189, 152, 112, 185, 41, 146, 145, 173, 116, 149, 169, 91, 82,
       73, 117, 126, 189, 128, 178, 228, 94, 138, 22, 13, 163, 186, 100,
       223, 4, 253, 58, 168, 31, 140, 57, 249, 225, 237, 152, 81, 233,
       221, 68, 143, 123, 191, 36, 24, 162, 240, 71, 24, 145, 78, 96, 16,
       126, 126, 251, 19, 15, 223, 85, 127, 192, 72, 206, 142, 248, 176,
       148, 117, 169, 72, 81, 31, 187, 191, 166, 56, 143, 51, 64, 159,
       131, 86, 108, 24, 59, 77, 195, 0, 216, 243, 117, 127, 234, 128,
       139, 43, 32, 132, 43, 230, 84, 195, 227, 117, 84, 205, 223, 34,
       113, 209, 184, 96, 120, 184, 22, 169, 105, 191, 32, 15, 113, 143,
       186, 129, 21, 138, 244, 232, 112, 185, 249, 110, 152, 233, 83,
       228, 227, 133, 173, 40, 119, 247, 64, 48, 202, 243, 236, 80, 27,
       43, 250, 49, 219, 253, 20, 123, 241, 67, 230, 42, 79, 58, 172, 55,
       160, 60, 57, 146, 187, 255, 23, 189, 173, 238, 91, 27, 167, 71,
       253, 149, 182, 84, 191, 96, 206, 115, 120, 225, 142, 245, 143, 87,
       50, 176, 5, 26, 201, 189, 128, 206, 219, 63, 160, 28, 98, 232, 76,
       156, 137, 130, 194, 1, 46, 107, 90, 255, 19, 22, 81, 127, 83, 12,
       222, 198, 45, 217, 83, 235, 180, 141, 111, 208, 70, 72, 126, 102,
       243, 211, 185, 224, 126, 106, 22, 222, 203, 176, 126, 183, 228,
       221, 167, 192, 62, 219, 192, 177, 4, 8, 150, 190, 77, 169, 162,
       194, 158, 19, 105, 3, 164, 226, 101, 74, 233, 107, 34, 82, 2, 103,
       138, 243, 21, 180, 75, 43, 144, 123, 101, 130, 69, 3, 148, 7, 168,
       26, 44, 57, 106, 158, 159, 244, 223, 98, 128, 118, 7, 68, 108, 14,
       208, 193, 239, 1, 160, 178, 99, 212, 14, 163, 131, 53, 100, 190,
       168, 35, 249, 109, 150, 142, 90, 255, 40, 45, 198, 124, 74, 18,
       153, 94, 192, 17, 30, 106, 251, 51, 109, 21, 5, 127, 192, 127,
       214, 211, 165, 176, 241, 90, 201, 253, 81, 89, 251, 91, 181, 92,
       26, 215, 204, 190, 165, 152, 214, 24, 179, 103, 186, 243, 31, 222,
       16, 110, 203, 129, 194, 181, 50, 134, 107, 190, 94, 163, 203, 239,
       86, 69, 217, 231, 99, 236, 190, 64, 123, 170, 23, 189, 190, 187,
       109, 191, 120, 46, 171, 201, 181, 206, 244, 200, 205, 121, 29,
       101, 169, 108, 87, 152, 105, 138, 166, 76, 223, 83, 1, 123, 132,
       213, 124, 106, 41, 196, 217, 42, 199, 251, 101, 18, 74, 113, 67,
       51, 44, 81, 120, 103, 116, 15, 87, 120, 117, 168, 255, 76, 91,
       123, 31, 16, 124, 236, 70, 106, 200, 178, 121, 14, 247, 253, 33,
       16, 107, 171, 74, 163, 78, 44, 244, 115, 58, 185, 122, 152, 187,
       160, 48, 233, 239, 255, 77, 159, 182, 245, 253, 246, 166, 64, 202,
       248, 134, 217, 1, 187, 230, 247, 67, 3, 3, 47, 98, 9, 247, 179,
       186, 230, 92, 193, 88, 231, 40, 136, 183, 164, 254, 43, 146, 213,
       151, 186, 4, 255, 46, 28, 138, 195, 221, 14, 121, 141, 36, 189,
       187, 236, 236, 69, 191, 255, 234, 218, 120, 77, 92, 255, 121, 50,
       255, 91, 87, 99, 225, 35, 186, 219, 125, 157, 47, 172, 80, 122,
       103, 251, 209, 14, 111, 172, 118, 34, 232, 115, 164, 202, 218,
       231, 81, 44, 177, 98, 110, 165, 23, 173, 177, 191, 4, 142, 80, 46,
       234, 128, 173, 233, 113, 241, 248, 239, 152, 104, 184, 72, 70,
       254, 99, 8, 184, 104, 23, 51, 128, 146, 160, 198, 76, 88, 107,
       107, 137, 34, 176, 229, 36, 20, 232, 80, 202, 9, 162, 245, 145,
       153, 205, 205, 180, 239, 143, 51, 8, 25, 164, 184, 108, 2, 201,
