%YAML:1.0
Mat4: !!opencv-matrix
   rows: 500
   cols: 32
   dt: u
   data: [ 120, 48, 252, 112, 40, 109, 81, 18, 163, 63, 180, 25, 31, 151,
       66, 26, 133, 148, 109, 8, 42, 79, 242, 17, 211, 203, 113, 53, 224,
       128, 70, 123, 108, 229, 253, 101, 188, 79, 71, 184, 115, 174, 252,
       8, 211, 117, 201, 48, 25, 220, 108, 106, 105, 242, 249, 30, 239,
       207, 37, 52, 97, 251, 198, 160, 60, 205, 106, 238, 149, 215, 71,
       236, 213, 132, 238, 2, 115, 249, 49, 112, 120, 254, 3, 234, 72,
       163, 24, 191, 243, 239, 133, 9, 115, 59, 244, 170, 11, 213, 98,
       143, 244, 144, 236, 127, 4, 65, 216, 199, 233, 74, 190, 196, 88,
       139, 23, 173, 223, 170, 69, 221, 36, 124, 174, 200, 31, 142, 248,
       221, 205, 68, 125, 103, 36, 74, 111, 56, 124, 234, 119, 64, 211,
       97, 153, 123, 94, 196, 124, 110, 233, 180, 109, 14, 198, 251, 99,
       4, 76, 251, 66, 33, 120, 180, 124, 112, 40, 109, 81, 27, 163, 191,
       164, 25, 31, 55, 66, 27, 129, 150, 237, 16, 42, 111, 250, 16, 219,
       203, 117, 125, 226, 192, 78, 99, 34, 169, 16, 154, 221, 213, 180,
       199, 143, 21, 136, 1, 172, 158, 102, 192, 200, 59, 235, 17, 86,
       43, 82, 245, 191, 20, 30, 123, 144, 12, 173, 206, 28, 73, 22, 188,
       13, 245, 150, 66, 134, 4, 202, 3, 108, 217, 33, 194, 232, 241,
       235, 195, 78, 35, 146, 249, 179, 245, 139, 27, 19, 63, 124, 130,
       177, 141, 107, 254, 244, 135, 239, 246, 212, 72, 216, 70, 49, 233,
       177, 96, 120, 234, 23, 207, 235, 187, 36, 191, 240, 175, 174, 128,
       61, 152, 240, 168, 173, 125, 245, 95, 244, 111, 103, 184, 119,
       234, 118, 72, 243, 113, 145, 125, 89, 238, 118, 110, 233, 242,
       249, 62, 109, 190, 229, 4, 202, 251, 210, 176, 141, 22, 248, 103,
       180, 47, 111, 48, 125, 234, 127, 212, 219, 103, 158, 116, 119,
       204, 63, 174, 177, 176, 125, 238, 230, 255, 35, 132, 111, 235,
       193, 177, 154, 253, 50, 188, 61, 213, 158, 236, 159, 204, 212, 63,
       236, 222, 39, 193, 254, 249, 159, 227, 238, 7, 58, 255, 243, 217,
       143, 187, 22, 63, 45, 223, 44, 53, 255, 101, 244, 111, 103, 55,
       127, 170, 126, 24, 211, 53, 128, 48, 25, 94, 126, 40, 49, 248,
       249, 14, 239, 255, 37, 0, 192, 232, 198, 160, 94, 97, 122, 224,
       151, 86, 95, 232, 37, 132, 239, 11, 95, 215, 59, 80, 126, 221,
       221, 255, 88, 147, 184, 232, 243, 237, 142, 13, 37, 179, 175, 98,
       35, 213, 33, 203, 213, 213, 231, 239, 79, 65, 124, 2, 176, 28, 60,
       164, 216, 10, 19, 77, 215, 58, 112, 253, 47, 28, 142, 106, 95, 14,
       208, 254, 170, 253, 50, 172, 253, 213, 190, 236, 159, 76, 188, 63,
       172, 222, 119, 164, 222, 251, 223, 227, 238, 39, 122, 255, 179,
       89, 143, 191, 31, 62, 63, 223, 3, 141, 99, 155, 244, 163, 234,
       247, 31, 73, 91, 195, 253, 238, 180, 224, 127, 171, 23, 149, 147,
       154, 14, 255, 62, 62, 190, 192, 189, 206, 177, 217, 28, 97, 123,
       226, 83, 79, 95, 244, 33, 164, 239, 10, 95, 151, 40, 48, 126, 221,
       85, 234, 73, 147, 60, 140, 243, 205, 5, 100, 99, 179, 166, 96, 43,
       135, 32, 139, 213, 149, 236, 255, 68, 73, 88, 71, 184, 104, 62,
       228, 220, 11, 19, 173, 215, 186, 117, 221, 37, 124, 142, 192, 31,
       142, 248, 220, 34, 169, 16, 154, 221, 245, 180, 199, 143, 21, 168,
       9, 172, 222, 102, 132, 201, 59, 203, 81, 22, 43, 218, 241, 61, 20,
       30, 123, 210, 12, 141, 142, 42, 203, 98, 202, 86, 133, 238, 244,
       71, 4, 120, 199, 40, 201, 188, 4, 126, 170, 3, 238, 194, 186, 12,
       253, 54, 12, 160, 232, 127, 158, 112, 168, 44, 117, 124, 101, 244,
       79, 127, 184, 112, 174, 127, 40, 215, 119, 11, 49, 30, 212, 87,
       106, 104, 176, 105, 14, 231, 207, 37, 148, 66, 251, 70, 227, 220,
       116, 62, 254, 171, 233, 21, 108, 191, 190, 165, 57, 206, 215, 42,
       91, 243, 255, 239, 162, 40, 71, 138, 250, 241, 243, 95, 63, 130,
       81, 167, 99, 244, 238, 191, 254, 169, 237, 95, 222, 190, 191, 141,
       25, 247, 231, 105, 91, 221, 247, 111, 130, 42, 71, 251, 59, 249,
       247, 223, 61, 144, 113, 135, 122, 214, 238, 174, 190, 173, 237,
       85, 238, 158, 191, 132, 25, 230, 239, 106, 11, 197, 243, 255, 23,
       122, 79, 250, 179, 249, 215, 95, 123, 144, 88, 151, 75, 157, 181,
       63, 235, 172, 127, 103, 128, 126, 104, 251, 24, 215, 188, 8, 32,
       216, 214, 126, 90, 59, 251, 251, 54, 255, 251, 39, 112, 224, 75,
       196, 34, 235, 34, 100, 5, 109, 59, 236, 59, 233, 246, 182, 175,
       139, 8, 151, 159, 78, 164, 254, 173, 236, 246, 229, 200, 214, 121,
       193, 177, 111, 252, 90, 204, 205, 228, 61, 247, 244, 78, 111, 149,
       119, 99, 230, 16, 243, 125, 24, 112, 121, 204, 126, 203, 237, 246,
       249, 183, 231, 235, 230, 0, 40, 184, 208, 42, 254, 188, 190, 186,
       173, 221, 148, 239, 255, 222, 180, 31, 238, 250, 110, 27, 235,
       243, 255, 3, 126, 107, 218, 247, 251, 219, 87, 123, 217, 124, 175,
       87, 220, 249, 147, 250, 169, 205, 87, 208, 187, 152, 164, 8, 63,
       215, 65, 54, 163, 251, 236, 82, 75, 75, 186, 51, 251, 209, 21, 59,
       98, 19, 7, 59, 141, 28, 77, 103, 116, 46, 107, 176, 53, 226, 127,
       196, 219, 119, 147, 112, 127, 238, 127, 238, 169, 240, 125, 110,
       238, 255, 167, 0, 110, 227, 106, 208, 15, 58, 179, 251, 52, 189,
       251, 80, 159, 73, 87, 116, 188, 223, 248, 40, 223, 59, 23, 29,
       147, 148, 122, 243, 207, 223, 187, 224, 158, 143, 17, 241, 42,
       239, 162, 153, 245, 145, 190, 231, 95, 7, 92, 151, 168, 232, 118,
       132, 249, 107, 131, 85, 246, 190, 14, 247, 46, 95, 158, 235, 87,
       28, 255, 206, 34, 72, 42, 172, 85, 213, 187, 100, 5, 68, 92, 3,
       172, 142, 50, 4, 232, 57, 147, 193, 6, 186, 48, 253, 227, 85, 138,
       235, 23, 14, 61, 218, 2, 159, 34, 153, 87, 146, 170, 103, 92, 4,
       90, 247, 40, 138, 180, 196, 254, 43, 131, 145, 246, 186, 4, 207,
       44, 52, 154, 194, 21, 12, 177, 140, 51, 7, 98, 200, 212, 19, 201,
       119, 69, 64, 220, 198, 25, 8, 182, 100, 124, 168, 23, 173, 153,
       187, 37, 204, 50, 44, 170, 196, 127, 140, 240, 244, 52, 71, 30,
       174, 24, 131, 6, 232, 132, 136, 169, 77, 115, 225, 41, 65, 88,
       224, 76, 98, 104, 163, 10, 61, 241, 160, 37, 24, 56, 59, 48, 2,
       49, 206, 75, 235, 116, 131, 235, 248, 86, 0, 218, 230, 113, 195,
       185, 96, 123, 234, 23, 239, 235, 178, 77, 63, 244, 174, 171, 128,
       61, 154, 112, 168, 173, 124, 229, 87, 228, 63, 239, 220, 119, 251,
       119, 214, 219, 109, 159, 173, 127, 206, 54, 222, 187, 244, 125,
       226, 110, 251, 247, 128, 239, 255, 210, 245, 42, 233, 56, 218, 93,
       213, 213, 231, 223, 21, 228, 9, 182, 221, 118, 100, 200, 186, 219,
       65, 90, 43, 122, 183, 251, 93, 150, 123, 82, 12, 252, 110, 14,
       184, 178, 250, 101, 173, 177, 216, 255, 89, 85, 23, 188, 221, 125,
       40, 183, 59, 151, 19, 146, 247, 186, 241, 79, 93, 59, 234, 146,
       79, 39, 243, 232, 37, 252, 100, 232, 111, 81, 54, 51, 172, 180,
       25, 151, 51, 67, 26, 130, 214, 237, 8, 40, 254, 224, 14, 223, 203,
       117, 49, 98, 225, 70, 43, 250, 125, 98, 204, 253, 253, 222, 127,
       89, 108, 252, 63, 42, 253, 54, 148, 222, 251, 215, 35, 255, 43,
       240, 255, 51, 93, 143, 187, 95, 94, 254, 223, 3, 179, 58, 152,
       118, 132, 184, 87, 140, 73, 80, 231, 188, 222, 180, 96, 206, 59,
       151, 149, 151, 11, 2, 221, 32, 56, 186, 234, 28, 12, 177, 223, 1,
       74, 203, 187, 116, 131, 235, 150, 22, 1, 90, 226, 245, 195, 177,
       96, 94, 107, 23, 207, 131, 152, 77, 63, 228, 174, 186, 128, 28,
       155, 33, 169, 35, 135, 8, 139, 220, 149, 204, 109, 6, 9, 217, 199,
       161, 72, 62, 192, 220, 139, 19, 141, 222, 42, 79, 221, 44, 20,
       154, 201, 29, 14, 248, 140, 61, 229, 121, 101, 188, 79, 71, 188,
       87, 234, 254, 8, 211, 113, 153, 48, 89, 220, 94, 106, 233, 178,
       121, 30, 239, 207, 37, 52, 97, 251, 214, 96, 16, 148, 59, 185,
       146, 227, 177, 67, 30, 5, 73, 179, 180, 255, 40, 64, 251, 27, 131,
       145, 18, 152, 16, 23, 201, 133, 154, 67, 144, 72, 165, 242, 111,
