%YAML:1.0
Mat5: !!opencv-matrix
   rows: 500
   cols: 32
   dt: u
   data: [ 227, 172, 236, 85, 201, 62, 181, 175, 251, 247, 174, 25, 96,
       104, 86, 63, 129, 103, 233, 37, 116, 201, 219, 107, 79, 62, 85,
       19, 201, 116, 207, 94, 72, 113, 25, 64, 121, 220, 19, 24, 235,
       200, 164, 40, 186, 215, 205, 176, 146, 60, 76, 74, 67, 35, 242,
       25, 87, 217, 33, 58, 66, 131, 71, 51, 28, 0, 122, 168, 54, 226,
       122, 88, 52, 5, 211, 19, 95, 10, 56, 65, 254, 157, 159, 241, 30,
       151, 1, 149, 211, 233, 170, 197, 53, 139, 244, 67, 205, 140, 158,
       95, 153, 190, 100, 51, 191, 147, 239, 16, 236, 99, 130, 254, 1,
       102, 232, 12, 49, 205, 251, 103, 142, 182, 85, 82, 170, 224, 136,
       36, 38, 160, 240, 82, 221, 189, 240, 72, 91, 183, 117, 26, 8, 216,
       92, 188, 153, 152, 194, 24, 146, 118, 250, 210, 31, 92, 17, 111,
       211, 207, 206, 166, 46, 92, 82, 222, 59, 177, 18, 114, 159, 0,
       221, 230, 230, 244, 39, 228, 204, 59, 154, 2, 174, 139, 122, 191,
       162, 247, 130, 27, 158, 79, 44, 159, 64, 140, 19, 93, 186, 172,
       32, 39, 63, 3, 238, 64, 174, 179, 128, 212, 35, 59, 106, 8, 115,
       153, 147, 119, 173, 182, 18, 66, 18, 64, 163, 40, 182, 180, 144,
       248, 205, 237, 208, 203, 139, 59, 177, 25, 14, 159, 108, 26, 201,
       155, 207, 16, 58, 111, 218, 211, 155, 208, 17, 127, 210, 73, 134,
       130, 60, 77, 106, 204, 93, 215, 215, 96, 213, 132, 254, 3, 99,
       217, 63, 68, 120, 232, 151, 234, 72, 179, 48, 189, 115, 237, 129,
       9, 119, 170, 116, 162, 14, 28, 144, 223, 171, 123, 20, 3, 31, 131,
       77, 54, 204, 118, 39, 238, 199, 59, 154, 16, 53, 200, 123, 194,
       143, 215, 87, 27, 158, 109, 141, 23, 43, 178, 230, 29, 127, 23,
       184, 123, 90, 249, 116, 246, 104, 248, 190, 174, 221, 108, 182,
       45, 149, 254, 175, 221, 14, 123, 255, 230, 95, 172, 89, 149, 60,
       52, 249, 226, 93, 253, 83, 94, 203, 225, 189, 24, 63, 221, 111,
       56, 187, 153, 215, 16, 15, 39, 58, 146, 219, 221, 21, 123, 243,
       75, 68, 243, 208, 48, 158, 125, 40, 111, 49, 74, 246, 251, 231,
       24, 215, 223, 8, 58, 161, 87, 108, 1, 59, 229, 219, 19, 209, 227,
       51, 121, 224, 65, 135, 19, 129, 61, 27, 237, 52, 143, 237, 119,
       12, 136, 90, 70, 183, 153, 48, 33, 206, 57, 31, 9, 193, 184, 81,
       13, 229, 136, 170, 128, 12, 168, 17, 185, 227, 50, 38, 140, 77,
       177, 184, 73, 207, 200, 249, 239, 8, 200, 246, 164, 222, 169, 242,
       161, 133, 39, 198, 208, 22, 56, 139, 171, 95, 14, 120, 149, 97,
       157, 43, 124, 117, 237, 229, 39, 200, 237, 120, 13, 176, 184, 54,
       49, 200, 46, 115, 13, 212, 186, 242, 29, 109, 59, 112, 42, 72, 72,
       210, 202, 41, 245, 62, 119, 112, 223, 119, 53, 124, 8, 118, 8,
       255, 95, 8, 49, 150, 54, 95, 40, 225, 184, 113, 63, 231, 235, 112,
       80, 64, 128, 198, 187, 32, 173, 185, 161, 252, 109, 165, 55, 74,
       248, 56, 72, 150, 61, 81, 3, 137, 46, 83, 29, 209, 120, 208, 24,
       109, 136, 125, 116, 208, 104, 211, 185, 33, 169, 83, 40, 208, 201,
       226, 215, 98, 5, 104, 136, 35, 129, 96, 20, 58, 170, 2, 92, 22,
       58, 52, 61, 124, 196, 0, 104, 241, 138, 226, 140, 2, 159, 50, 155,
       245, 147, 182, 247, 30, 13, 88, 231, 172, 254, 166, 196, 222, 59,
       151, 81, 150, 184, 74, 255, 44, 54, 190, 203, 150, 12, 189, 223,
       213, 88, 255, 229, 36, 110, 111, 16, 96, 202, 246, 64, 211, 55,
       145, 123, 118, 228, 60, 234, 233, 244, 245, 8, 199, 235, 99, 128,
       108, 243, 96, 33, 88, 34, 218, 53, 50, 170, 113, 19, 56, 45, 118,
       185, 135, 3, 130, 88, 34, 189, 237, 16, 24, 220, 193, 0, 196, 231,
       112, 209, 160, 128, 6, 75, 101, 106, 57, 97, 180, 15, 79, 152, 97,
       168, 187, 72, 223, 1, 209, 56, 156, 196, 76, 126, 136, 178, 73, 8,
       237, 221, 37, 52, 192, 243, 66, 33, 104, 181, 60, 117, 116, 206,
       123, 63, 121, 9, 127, 24, 255, 87, 8, 49, 150, 159, 93, 40, 186,
       248, 241, 15, 239, 255, 33, 192, 98, 128, 194, 35, 206, 204, 166,
       191, 173, 228, 190, 166, 159, 83, 210, 19, 236, 238, 125, 75, 237,
       115, 187, 213, 178, 205, 155, 227, 175, 123, 222, 66, 148, 93,
       177, 74, 252, 105, 153, 109, 139, 74, 87, 168, 35, 180, 161, 8,
       67, 49, 65, 18, 89, 212, 232, 98, 72, 98, 249, 10, 249, 225, 69,
       63, 97, 115, 102, 34, 36, 220, 29, 233, 60, 239, 67, 158, 6, 57,
       138, 64, 215, 85, 9, 97, 217, 80, 92, 126, 43, 0, 121, 63, 233,
       143, 165, 92, 144, 153, 80, 51, 82, 17, 190, 188, 59, 210, 155,
       72, 175, 12, 203, 35, 204, 222, 38, 66, 246, 181, 255, 225, 12, 3,
       178, 221, 147, 53, 138, 155, 16, 7, 37, 87, 2, 191, 18, 155, 244,
       155, 190, 247, 31, 13, 88, 231, 172, 236, 166, 196, 223, 59, 135,
       17, 150, 186, 74, 255, 46, 22, 62, 203, 222, 14, 189, 159, 45,
       112, 241, 65, 253, 63, 195, 216, 95, 251, 181, 92, 26, 89, 223,
       188, 221, 216, 86, 62, 175, 118, 125, 210, 31, 92, 5, 126, 219,
       255, 90, 229, 168, 61, 61, 96, 249, 239, 85, 119, 115, 203, 236,
       24, 31, 63, 1, 48, 141, 187, 213, 24, 41, 250, 114, 30, 255, 207,
       53, 53, 226, 192, 70, 251, 65, 43, 151, 148, 44, 13, 228, 69, 234,
       184, 176, 72, 190, 128, 68, 186, 136, 107, 78, 78, 64, 107, 194,
       64, 133, 16, 126, 56, 72, 58, 195, 141, 77, 59, 155, 241, 240,
       142, 124, 19, 168, 136, 122, 68, 156, 147, 64, 82, 166, 61, 93,
       24, 145, 216, 144, 72, 239, 253, 54, 192, 136, 160, 171, 179, 97,
       141, 225, 69, 84, 122, 231, 55, 65, 232, 218, 74, 243, 56, 148,
       164, 88, 230, 52, 41, 153, 184, 101, 143, 45, 46, 161, 16, 103,
       106, 208, 108, 229, 21, 255, 103, 36, 14, 111, 48, 104, 136, 119,
       104, 215, 115, 153, 50, 30, 68, 124, 106, 201, 176, 225, 8, 231,
       249, 97, 132, 64, 251, 66, 33, 126, 112, 145, 162, 157, 249, 18,
       204, 3, 241, 129, 11, 150, 156, 65, 186, 217, 221, 249, 81, 15,
       67, 219, 144, 155, 213, 141, 127, 168, 63, 30, 22, 90, 49, 122,
       224, 51, 78, 91, 64, 45, 12, 255, 43, 15, 159, 38, 80, 254, 157,
       223, 241, 8, 131, 49, 204, 211, 245, 10, 219, 35, 7, 39, 83, 21,
       93, 31, 239, 176, 167, 111, 182, 84, 136, 106, 70, 245, 115, 161,
       96, 118, 114, 30, 250, 201, 152, 25, 63, 233, 174, 167, 0, 184,
       250, 161, 41, 49, 92, 63, 95, 14, 207, 151, 254, 196, 74, 210,
       100, 114, 92, 165, 105, 204, 112, 122, 98, 233, 165, 115, 61, 81,
       34, 114, 16, 89, 57, 101, 123, 59, 164, 0, 168, 125, 221, 80, 75,
       19, 104, 172, 9, 170, 153, 66, 148, 216, 136, 213, 48, 14, 42, 82,
       159, 219, 221, 129, 127, 58, 12, 90, 142, 60, 69, 127, 108, 100,
       66, 103, 120, 84, 138, 247, 2, 83, 113, 161, 52, 88, 248, 6, 234,
       105, 178, 96, 14, 115, 175, 97, 0, 115, 251, 102, 160, 33, 12,
       239, 119, 176, 174, 107, 54, 124, 37, 238, 20, 243, 99, 144, 112,
       89, 238, 108, 60, 185, 248, 113, 46, 229, 255, 176, 64, 232, 224,
       194, 112, 56, 95, 90, 172, 22, 139, 86, 120, 21, 164, 237, 43,
       119, 195, 35, 81, 222, 185, 135, 98, 104, 19, 80, 31, 243, 229,
       33, 57, 48, 187, 14, 3, 57, 79, 75, 254, 54, 131, 203, 112, 212,
       64, 223, 230, 113, 203, 177, 96, 126, 168, 31, 239, 201, 171, 44,
       191, 242, 239, 170, 136, 61, 155, 112, 232, 56, 205, 106, 104, 89,
       149, 90, 107, 23, 4, 236, 13, 43, 203, 46, 144, 220, 185, 135,
       228, 78, 43, 82, 159, 243, 205, 128, 57, 123, 140, 106, 154, 56,
       93, 122, 236, 85, 159, 222, 106, 21, 4, 232, 15, 43, 200, 38, 144,
       252, 185, 131, 230, 76, 179, 16, 159, 243, 237, 0, 11, 121, 24,
       110, 146, 61, 60, 89, 111, 113, 175, 83, 120, 113, 42, 109, 12,
       127, 83, 1, 17, 148, 185, 68, 106, 40, 178, 88, 63, 199, 221, 33,
       48, 122, 227, 66, 163, 173, 166, 188, 123, 233, 63, 117, 219, 255,
       63, 181, 29, 223, 107, 90, 27, 167, 6, 110, 60, 182, 229, 251, 83,
       207, 219, 117, 85, 194, 224, 203, 195, 4, 148, 59, 107, 52, 238,
       115, 186, 108, 9, 123, 64, 215, 115, 8, 112, 181, 31, 68, 56, 145,
       184, 57, 31, 237, 172, 32, 68, 192, 131, 103, 163, 97, 166, 172,
