%YAML:1.0
Mat6: !!opencv-matrix
   rows: 500
   cols: 32
   dt: u
   data: [ 65, 2, 113, 89, 96, 172, 105, 23, 125, 13, 114, 84, 176, 131,
       148, 125, 4, 40, 38, 28, 147, 188, 227, 65, 5, 56, 112, 64, 192,
       128, 70, 185, 88, 130, 206, 173, 88, 34, 121, 59, 55, 165, 198,
       141, 87, 167, 10, 88, 113, 207, 109, 140, 56, 218, 193, 79, 221,
       231, 249, 196, 162, 160, 36, 74, 88, 176, 189, 97, 160, 77, 117,
       159, 107, 63, 54, 24, 159, 55, 64, 58, 167, 22, 108, 56, 19, 120,
       177, 17, 207, 203, 117, 101, 224, 192, 199, 99, 114, 40, 243, 221,
       93, 91, 236, 107, 175, 166, 242, 10, 104, 187, 69, 246, 234, 253,
       239, 136, 72, 251, 227, 200, 31, 252, 151, 59, 67, 236, 102, 174,
       90, 89, 187, 254, 189, 196, 95, 246, 133, 204, 220, 3, 63, 255,
       49, 64, 206, 251, 191, 195, 72, 139, 114, 175, 243, 253, 174, 153,
       54, 251, 52, 123, 73, 112, 56, 98, 40, 12, 85, 57, 121, 136, 117,
       12, 223, 211, 8, 48, 148, 125, 93, 40, 193, 98, 186, 12, 227, 249,
       37, 8, 72, 2, 195, 51, 131, 73, 39, 158, 93, 214, 174, 96, 205,
       64, 218, 66, 176, 220, 181, 228, 232, 104, 26, 207, 199, 171, 54,
       253, 53, 56, 138, 138, 31, 63, 113, 252, 163, 180, 17, 187, 253,
       173, 176, 207, 158, 59, 81, 24, 188, 217, 104, 9, 205, 27, 19, 17,
       50, 62, 90, 215, 13, 144, 26, 126, 152, 8, 145, 139, 25, 91, 107,
       197, 118, 146, 239, 112, 100, 200, 126, 230, 113, 199, 177, 96,
       126, 236, 22, 238, 201, 176, 37, 236, 118, 173, 162, 128, 111,
       179, 112, 249, 101, 41, 249, 101, 116, 14, 103, 184, 96, 168, 122,
       72, 211, 49, 192, 48, 24, 220, 84, 106, 73, 178, 241, 40, 229,
       173, 37, 32, 104, 163, 66, 32, 226, 248, 20, 190, 125, 205, 82,
       232, 191, 184, 161, 8, 238, 218, 76, 83, 220, 253, 255, 99, 106,
       103, 218, 253, 189, 210, 207, 59, 16, 42, 71, 10, 90, 248, 118,
       254, 11, 208, 16, 224, 175, 84, 164, 163, 46, 255, 38, 211, 162,
       243, 239, 192, 78, 75, 146, 237, 211, 243, 74, 11, 99, 6, 47, 90,
       90, 249, 182, 254, 27, 208, 52, 230, 175, 21, 228, 35, 44, 255,
       38, 215, 163, 243, 233, 193, 86, 75, 154, 225, 187, 243, 94, 11,
       2, 20, 175, 94, 51, 231, 98, 13, 84, 19, 202, 232, 70, 224, 248,
       207, 97, 232, 182, 164, 90, 200, 146, 239, 143, 179, 77, 191, 62,
       77, 133, 180, 93, 191, 120, 148, 106, 98, 87, 204, 77, 30, 107,
       120, 171, 168, 228, 74, 106, 195, 173, 214, 122, 236, 239, 234,
       72, 211, 202, 221, 55, 62, 131, 186, 35, 182, 98, 164, 51, 110,
       106, 13, 86, 19, 190, 204, 86, 102, 220, 167, 65, 200, 183, 0,
       126, 201, 147, 231, 204, 178, 76, 159, 54, 45, 175, 161, 125, 254,
       122, 196, 26, 75, 122, 220, 114, 194, 191, 118, 164, 132, 94, 162,
       61, 159, 163, 96, 102, 243, 183, 192, 64, 153, 36, 237, 115, 165,
       170, 129, 39, 176, 37, 235, 119, 99, 87, 76, 107, 91, 250, 104,
       233, 160, 244, 234, 104, 202, 141, 182, 250, 245, 238, 234, 69,
       227, 227, 204, 22, 120, 131, 59, 67, 183, 106, 133, 142, 114, 54,
       136, 111, 81, 184, 72, 143, 60, 149, 163, 140, 158, 111, 143, 238,
       17, 151, 243, 6, 7, 2, 208, 23, 81, 203, 175, 23, 47, 61, 199, 2,
       158, 98, 155, 119, 179, 186, 99, 31, 69, 91, 183, 172, 238, 54,
       196, 255, 43, 147, 149, 182, 152, 36, 255, 14, 54, 154, 195, 151,
       79, 61, 215, 100, 112, 253, 117, 108, 79, 97, 152, 111, 186, 247,
       24, 215, 113, 9, 59, 201, 84, 110, 42, 41, 244, 251, 12, 207, 251,
       117, 20, 192, 169, 70, 162, 41, 125, 97, 69, 116, 30, 227, 152,
       105, 96, 126, 76, 91, 17, 149, 180, 62, 204, 22, 110, 129, 178,
       245, 206, 38, 60, 33, 32, 111, 191, 82, 164, 120, 105, 88, 116, 9,
       77, 93, 236, 163, 116, 166, 9, 59, 63, 67, 27, 168, 192, 253, 204,
       72, 99, 242, 48, 211, 201, 97, 57, 99, 144, 78, 106, 92, 117, 31,
       229, 170, 79, 119, 112, 45, 168, 254, 8, 223, 55, 0, 82, 246, 213,
       125, 98, 72, 179, 249, 76, 247, 251, 103, 20, 32, 179, 39, 51, 39,
       234, 158, 22, 202, 153, 182, 232, 250, 176, 120, 233, 224, 232,
       79, 179, 187, 107, 226, 83, 198, 115, 142, 121, 62, 66, 111, 43,
       201, 115, 107, 142, 11, 18, 22, 153, 45, 156, 184, 71, 173, 89,
       82, 231, 172, 142, 38, 204, 230, 59, 191, 133, 151, 152, 19, 209,
       132, 112, 154, 195, 30, 12, 41, 221, 10, 83, 22, 168, 47, 148,
       184, 69, 173, 93, 210, 231, 172, 158, 38, 198, 230, 49, 191, 213,
       134, 9, 2, 193, 134, 112, 154, 203, 30, 4, 45, 223, 45, 48, 209,
       92, 77, 117, 98, 88, 83, 138, 237, 88, 106, 209, 221, 188, 89,
       184, 130, 10, 137, 182, 250, 194, 23, 254, 209, 40, 219, 255, 122,
       180, 18, 14, 202, 153, 246, 227, 168, 71, 22, 5, 218, 243, 169,
       174, 182, 196, 127, 187, 151, 145, 58, 158, 5, 223, 44, 38, 186,
       195, 181, 140, 188, 221, 130, 156, 7, 185, 205, 229, 184, 198,
       158, 27, 88, 19, 188, 191, 48, 73, 201, 59, 147, 145, 51, 110, 82,
       247, 5, 18, 218, 107, 152, 76, 181, 154, 220, 143, 254, 180, 170,
       75, 21, 175, 133, 182, 174, 171, 87, 45, 67, 75, 39, 245, 237, 98,
       124, 237, 169, 8, 251, 227, 117, 21, 228, 248, 133, 67, 199, 187,
       206, 180, 146, 2, 60, 179, 190, 192, 202, 231, 205, 226, 107, 198,
       55, 101, 251, 149, 20, 193, 135, 202, 126, 39, 207, 131, 174, 244,
       41, 23, 109, 97, 249, 103, 244, 15, 71, 25, 114, 168, 121, 72,
       211, 81, 217, 48, 24, 220, 68, 122, 73, 178, 217, 10, 237, 141,
       37, 52, 232, 186, 66, 32, 94, 175, 150, 86, 163, 184, 62, 130,
       186, 191, 158, 245, 236, 231, 199, 222, 39, 119, 237, 210, 16,
       201, 138, 226, 186, 246, 127, 203, 130, 117, 167, 39, 43, 140,
       228, 141, 92, 22, 206, 250, 23, 224, 218, 199, 209, 106, 183, 197,
       89, 236, 59, 237, 237, 218, 95, 223, 46, 62, 207, 140, 63, 188,
       120, 220, 38, 52, 150, 190, 77, 111, 248, 104, 191, 170, 243, 8,
       206, 218, 37, 91, 248, 173, 127, 34, 40, 199, 219, 220, 149, 250,
       203, 58, 81, 107, 99, 130, 11, 22, 123, 73, 50, 58, 57, 55, 61,
       72, 94, 244, 157, 23, 178, 244, 54, 61, 159, 172, 177, 152, 37,
       206, 198, 253, 58, 192, 46, 132, 173, 117, 252, 112, 249, 101,
       101, 79, 119, 88, 125, 170, 246, 8, 223, 53, 1, 50, 178, 212, 110,
       106, 65, 245, 241, 74, 215, 255, 65, 22, 98, 251, 71, 51, 76, 161,
       152, 250, 169, 233, 85, 135, 162, 29, 45, 57, 158, 247, 74, 90,
       131, 187, 237, 16, 26, 74, 202, 49, 239, 209, 53, 251, 144, 81,
       143, 67, 150, 79, 62, 176, 130, 163, 31, 226, 180, 174, 134, 179,
       79, 47, 3, 27, 167, 247, 237, 227, 108, 197, 0, 46, 243, 195, 111,
       145, 164, 113, 167, 107, 88, 117, 31, 236, 59, 78, 115, 120, 173,
       164, 230, 8, 95, 151, 1, 81, 246, 213, 109, 226, 105, 195, 241,
       76, 243, 243, 99, 21, 32, 162, 39, 115, 173, 229, 89, 105, 116,
       15, 67, 248, 83, 40, 244, 72, 83, 17, 152, 48, 88, 204, 6, 106,
       235, 54, 89, 31, 236, 201, 37, 116, 123, 187, 82, 160, 214, 244,
       22, 190, 169, 205, 86, 232, 191, 154, 227, 8, 238, 255, 44, 81,
       249, 253, 255, 98, 106, 103, 154, 255, 179, 242, 79, 63, 18, 51,
       39, 19, 112, 97, 61, 97, 24, 79, 65, 24, 32, 160, 228, 8, 243, 23,
       1, 48, 16, 156, 72, 104, 9, 210, 113, 28, 245, 169, 1, 52, 96,
       146, 70, 106, 162, 206, 74, 158, 124, 129, 238, 230, 222, 0, 208,
       231, 160, 200, 53, 64, 202, 235, 3, 199, 102, 46, 70, 255, 52, 6,
       186, 137, 29, 25, 121, 142, 112, 32, 61, 103, 40, 111, 69, 25, 32,
       166, 163, 9, 215, 17, 1, 27, 128, 148, 109, 42, 8, 230, 209, 0,
       193, 235, 113, 48, 192, 210, 70, 42, 59, 91, 106, 206, 53, 210,
       222, 240, 197, 76, 222, 163, 105, 220, 183, 224, 250, 233, 159,
       231, 204, 171, 46, 253, 50, 109, 170, 139, 55, 63, 124, 95, 124,
       80, 123, 236, 110, 70, 91, 88, 1, 76, 244, 2, 91, 223, 57, 112,
       126, 157, 55, 234, 73, 3, 177, 200, 211, 237, 162, 140, 55, 171,
       100, 98, 60, 81, 124, 232, 13, 71, 91, 120, 5, 172, 181, 10, 91,
