%YAML:1.0
Mat7: !!opencv-matrix
   rows: 500
   cols: 32
   dt: u
   data: [ 124, 194, 58, 250, 53, 212, 82, 248, 213, 12, 245, 32, 251,
       219, 41, 209, 208, 184, 141, 106, 74, 35, 10, 189, 243, 249, 160,
       89, 18, 139, 108, 3, 16, 79, 115, 201, 118, 203, 39, 102, 92, 4,
       122, 98, 183, 145, 160, 228, 122, 56, 6, 66, 65, 184, 33, 63, 53,
       164, 34, 3, 113, 154, 5, 169, 240, 41, 250, 101, 207, 75, 85, 103,
       113, 166, 238, 10, 19, 49, 5, 16, 120, 188, 110, 160, 104, 251,
       241, 10, 243, 239, 133, 19, 99, 120, 70, 170, 198, 172, 150, 158,
       155, 193, 182, 239, 190, 150, 130, 185, 236, 246, 105, 83, 247,
       119, 235, 194, 114, 71, 138, 255, 189, 50, 223, 31, 16, 116, 167,
       195, 170, 157, 34, 250, 93, 197, 210, 198, 159, 73, 208, 19, 160,
       216, 54, 96, 201, 42, 19, 129, 46, 42, 82, 247, 47, 94, 154, 107,
       18, 12, 244, 206, 109, 253, 57, 103, 113, 79, 119, 184, 105, 168,
       111, 72, 223, 115, 9, 112, 148, 220, 92, 106, 201, 176, 249, 46,
       231, 253, 37, 4, 74, 179, 66, 179, 84, 89, 253, 228, 40, 78, 95,
       184, 161, 252, 142, 105, 215, 119, 73, 82, 198, 213, 125, 226, 72,
       65, 219, 0, 243, 225, 229, 156, 32, 179, 36, 115, 130, 140, 2,
       153, 84, 162, 168, 103, 60, 67, 82, 147, 172, 174, 48, 72, 251,
       43, 19, 149, 50, 156, 16, 223, 13, 54, 154, 194, 149, 76, 177,
       206, 24, 143, 11, 237, 22, 227, 75, 119, 20, 64, 218, 194, 117,
       231, 176, 64, 126, 186, 31, 233, 27, 153, 1, 191, 249, 229, 170,
       192, 53, 138, 180, 56, 133, 215, 81, 239, 114, 7, 111, 184, 54,
       232, 123, 100, 213, 119, 136, 117, 54, 92, 55, 234, 97, 208, 121,
       95, 109, 174, 39, 196, 40, 163, 33, 177, 248, 190, 156, 176, 169,
       253, 84, 223, 179, 191, 176, 93, 63, 183, 66, 155, 133, 151, 237,
       16, 62, 79, 194, 19, 219, 211, 117, 253, 226, 68, 142, 91, 178,
       141, 54, 248, 159, 233, 144, 231, 143, 17, 184, 27, 46, 158, 100,
       213, 233, 179, 223, 17, 62, 43, 18, 245, 155, 208, 18, 123, 210,
       12, 165, 14, 3, 219, 107, 219, 126, 145, 171, 213, 222, 72, 222,
       230, 176, 207, 180, 100, 126, 104, 59, 223, 211, 169, 46, 255, 44,
       60, 174, 200, 31, 138, 241, 253, 213, 70, 111, 237, 36, 10, 111,
       48, 228, 202, 243, 230, 211, 99, 177, 99, 126, 228, 28, 238, 233,
       181, 37, 14, 192, 170, 227, 128, 45, 243, 113, 49, 214, 184, 150,
       178, 169, 237, 16, 143, 171, 191, 128, 25, 174, 214, 65, 223, 163,
       183, 237, 17, 30, 79, 154, 240, 153, 242, 95, 123, 128, 68, 143,
       95, 61, 129, 73, 234, 28, 195, 75, 232, 7, 33, 201, 138, 83, 65,
       184, 96, 88, 128, 27, 254, 91, 34, 77, 157, 248, 205, 129, 124,
       53, 139, 80, 32, 10, 155, 106, 155, 214, 147, 190, 244, 22, 68,
       84, 231, 41, 236, 182, 0, 126, 107, 147, 213, 246, 186, 14, 253,
       110, 5, 175, 233, 61, 157, 189, 223, 164, 239, 233, 234, 244, 35,
       239, 252, 82, 166, 121, 203, 113, 233, 121, 0, 123, 235, 19, 255,
       226, 50, 12, 62, 124, 12, 175, 172, 245, 251, 246, 128, 10, 141,
       174, 187, 211, 240, 188, 135, 191, 87, 78, 147, 172, 190, 118,
       206, 227, 123, 179, 145, 22, 216, 186, 227, 47, 119, 222, 195,
       134, 84, 173, 206, 77, 117, 25, 103, 241, 14, 119, 184, 121, 168,
       111, 76, 222, 115, 9, 112, 148, 76, 108, 106, 225, 240, 217, 78,
       231, 255, 37, 4, 74, 243, 67, 33, 24, 223, 10, 185, 18, 143, 122,
       118, 52, 4, 110, 135, 39, 195, 34, 80, 116, 169, 131, 204, 74,
       153, 16, 125, 242, 231, 42, 65, 56, 130, 41, 154, 2, 177, 50, 168,
       219, 213, 184, 79, 47, 5, 77, 131, 172, 222, 110, 84, 255, 155,
       147, 129, 22, 10, 210, 215, 63, 124, 154, 107, 19, 6, 175, 222,
       11, 207, 104, 139, 214, 177, 190, 255, 94, 19, 92, 231, 168, 40,
       190, 100, 127, 91, 19, 141, 198, 152, 15, 247, 108, 14, 190, 192,
       63, 214, 185, 141, 98, 218, 130, 156, 125, 145, 194, 198, 207, 77,
       216, 239, 160, 136, 182, 196, 204, 168, 166, 213, 142, 42, 198,
       241, 22, 52, 154, 251, 31, 28, 120, 157, 101, 116, 159, 126, 205,
       111, 87, 72, 255, 226, 233, 8, 222, 247, 109, 59, 217, 252, 106,
       42, 41, 103, 250, 88, 215, 254, 85, 58, 208, 123, 98, 162, 193, 2,
       85, 249, 100, 170, 105, 19, 127, 25, 114, 246, 191, 19, 144, 248,
       103, 143, 126, 29, 147, 252, 65, 209, 132, 250, 178, 192, 172,
       136, 65, 169, 253, 184, 25, 122, 57, 205, 81, 200, 251, 248, 164,
       8, 254, 221, 69, 48, 137, 249, 124, 0, 43, 99, 250, 59, 251, 217,
       1, 62, 90, 8, 66, 34, 152, 223, 94, 254, 50, 131, 127, 116, 180,
       12, 246, 167, 63, 199, 34, 81, 110, 241, 31, 234, 104, 143, 0,
       255, 243, 235, 226, 129, 113, 186, 101, 251, 101, 252, 157, 126,
       201, 237, 87, 232, 255, 250, 161, 24, 254, 247, 73, 59, 137, 116,
       106, 42, 99, 103, 250, 59, 253, 250, 69, 62, 216, 121, 67, 162,
       220, 117, 253, 127, 184, 107, 119, 188, 54, 165, 239, 56, 215,
       119, 8, 113, 115, 222, 110, 106, 40, 240, 233, 63, 247, 231, 37,
       16, 224, 211, 134, 99, 41, 153, 131, 92, 117, 255, 227, 114, 196,
       72, 126, 68, 178, 240, 182, 100, 216, 42, 34, 76, 149, 186, 114,
       189, 70, 62, 0, 10, 218, 110, 120, 254, 248, 184, 220, 240, 168,
       237, 81, 95, 178, 191, 164, 57, 55, 151, 66, 27, 131, 178, 109,
       16, 58, 79, 210, 49, 219, 195, 117, 121, 224, 192, 134, 43, 43,
       181, 112, 74, 117, 245, 210, 107, 91, 77, 125, 58, 40, 252, 190,
       180, 217, 155, 150, 128, 159, 42, 122, 223, 63, 93, 128, 235, 211,
       78, 254, 255, 130, 42, 150, 185, 235, 161, 185, 66, 190, 31, 66,
       177, 172, 167, 99, 75, 231, 59, 235, 144, 50, 93, 130, 243, 205,
       22, 90, 203, 144, 69, 37, 219, 218, 112, 246, 244, 110, 120, 121,
       90, 169, 222, 182, 187, 15, 159, 213, 127, 238, 149, 255, 143,
       232, 103, 231, 192, 214, 249, 250, 191, 39, 252, 103, 115, 57, 73,
       67, 77, 84, 31, 230, 124, 69, 224, 250, 78, 115, 88, 181, 164,
       120, 236, 22, 238, 205, 178, 101, 174, 54, 44, 161, 0, 127, 187,
       120, 172, 0, 178, 24, 186, 253, 237, 177, 79, 142, 61, 25, 120,
       140, 215, 104, 0, 205, 27, 207, 16, 18, 43, 202, 211, 221, 213,
       59, 255, 208, 8, 133, 163, 1, 79, 115, 69, 116, 10, 111, 112, 109,
       192, 126, 70, 91, 3, 181, 116, 114, 236, 6, 110, 193, 176, 37,
       206, 102, 172, 34, 0, 111, 186, 113, 168, 185, 241, 115, 69, 118,
       219, 235, 116, 113, 96, 126, 238, 27, 133, 180, 180, 126, 172, 22,
       236, 201, 186, 36, 207, 118, 141, 32, 192, 111, 138, 98, 249, 138,
       200, 180, 190, 13, 213, 152, 6, 159, 23, 132, 21, 172, 142, 54,
       207, 193, 49, 251, 5, 102, 77, 82, 243, 131, 115, 218, 27, 18, 12,
       13, 78, 24, 135, 90, 77, 23, 90, 101, 127, 117, 4, 254, 34, 75,
       51, 162, 116, 122, 156, 134, 168, 88, 187, 37, 13, 242, 239, 32,
       5, 99, 162, 228, 170, 10, 155, 2, 139, 119, 145, 186, 231, 15, 13,
       88, 231, 172, 222, 182, 196, 254, 59, 151, 209, 214, 186, 2, 253,
       62, 20, 138, 235, 23, 14, 189, 159, 27, 159, 107, 252, 116, 151,
       239, 119, 213, 72, 222, 230, 57, 175, 180, 100, 126, 170, 23, 141,
       217, 187, 36, 255, 114, 111, 170, 192, 63, 140, 240, 249, 11, 178,
       48, 249, 252, 141, 185, 255, 223, 121, 53, 59, 156, 223, 252, 40,
       175, 27, 255, 21, 178, 122, 106, 213, 79, 95, 63, 238, 150, 140,
       129, 243, 24, 251, 122, 233, 114, 152, 123, 112, 41, 76, 124, 166,
       63, 159, 162, 112, 62, 185, 151, 204, 139, 154, 36, 255, 246, 237,
       34, 192, 47, 130, 39, 249, 232, 172, 53, 250, 141, 221, 81, 239,
       223, 31, 160, 24, 174, 152, 100, 187, 201, 178, 234, 17, 58, 111,
       114, 183, 137, 211, 84, 123, 210, 8, 198, 46, 204, 188, 125, 247,
       180, 107, 103, 176, 124, 42, 254, 40, 215, 119, 137, 113, 51, 222,
       110, 42, 57, 240, 233, 46, 229, 235, 101, 64, 96, 242, 103, 33,
       38, 12, 34, 155, 213, 227, 170, 97, 94, 1, 91, 2, 232, 216, 53,
       196, 249, 59, 147, 145, 50, 186, 26, 255, 37, 54, 138, 139, 151,
