%YAML:1.0
Mat8: !!opencv-matrix
   rows: 499
   cols: 32
   dt: u
   data: [ 136, 26, 127, 221, 162, 234, 49, 22, 190, 95, 86, 247, 253,
       199, 162, 76, 103, 63, 239, 16, 162, 221, 35, 228, 70, 163, 50,
       195, 166, 128, 165, 243, 204, 176, 149, 122, 169, 108, 65, 153,
       58, 27, 161, 24, 214, 119, 72, 123, 145, 30, 104, 58, 27, 70, 251,
       17, 201, 178, 113, 124, 144, 67, 135, 34, 88, 203, 90, 126, 10,
       142, 86, 229, 161, 6, 238, 9, 111, 227, 32, 80, 48, 245, 233, 66,
       72, 139, 154, 63, 243, 231, 68, 25, 96, 178, 174, 10, 139, 49,
       122, 241, 231, 94, 248, 83, 125, 78, 246, 191, 157, 31, 150, 124,
       238, 157, 223, 148, 180, 254, 241, 194, 87, 249, 34, 199, 71, 132,
       239, 247, 230, 48, 254, 229, 109, 95, 248, 89, 127, 232, 242, 27,
       204, 159, 84, 208, 254, 253, 255, 133, 148, 242, 211, 194, 159,
       251, 175, 131, 71, 164, 107, 195, 43, 141, 99, 222, 213, 247, 239,
       231, 86, 76, 220, 2, 96, 248, 182, 100, 248, 234, 23, 203, 214,
       186, 44, 255, 63, 125, 174, 139, 87, 110, 244, 239, 252, 180, 149,
       115, 169, 111, 85, 171, 187, 190, 161, 24, 206, 119, 73, 159, 129,
       214, 236, 50, 120, 103, 251, 18, 155, 210, 85, 127, 210, 113, 198,
       34, 27, 204, 90, 255, 86, 163, 235, 226, 94, 3, 94, 18, 125, 203,
       48, 64, 127, 171, 23, 136, 34, 156, 14, 255, 124, 239, 186, 192,
       189, 137, 49, 136, 88, 95, 122, 238, 114, 74, 119, 248, 117, 6,
       254, 34, 127, 247, 33, 112, 118, 253, 141, 106, 72, 179, 40, 63,
       243, 237, 34, 1, 114, 178, 37, 43, 124, 121, 191, 101, 40, 79, 85,
       154, 226, 180, 174, 8, 215, 245, 65, 59, 128, 116, 108, 72, 73,
       225, 243, 32, 193, 235, 101, 20, 224, 113, 70, 106, 193, 0, 157,
       125, 140, 110, 64, 59, 246, 59, 163, 80, 243, 51, 0, 123, 193, 70,
       104, 8, 57, 237, 91, 17, 137, 186, 113, 20, 200, 96, 192, 32, 193,
       140, 159, 119, 152, 46, 101, 167, 240, 147, 170, 16, 247, 51, 0,
       123, 129, 118, 104, 8, 57, 205, 211, 35, 237, 174, 84, 80, 128,
       96, 129, 40, 64, 189, 159, 116, 184, 238, 53, 191, 186, 155, 170,
       0, 246, 247, 0, 114, 165, 119, 125, 24, 51, 201, 179, 109, 233,
       175, 117, 88, 128, 96, 135, 59, 65, 185, 29, 127, 56, 204, 65, 61,
       174, 169, 171, 72, 246, 215, 64, 114, 128, 54, 120, 8, 83, 73,
       219, 53, 205, 189, 53, 56, 8, 2, 131, 42, 80, 49, 27, 109, 25,
       205, 97, 51, 164, 72, 234, 8, 183, 151, 0, 112, 160, 62, 104, 8,
       73, 139, 179, 13, 209, 165, 18, 24, 0, 2, 39, 58, 64, 104, 63, 97,
       48, 206, 97, 18, 108, 32, 102, 8, 151, 21, 0, 112, 128, 52, 108,
       88, 1, 184, 241, 12, 197, 253, 0, 0, 64, 128, 70, 34, 252, 112,
       189, 118, 137, 110, 81, 152, 227, 179, 167, 24, 215, 119, 73, 59,
       129, 212, 108, 58, 41, 101, 251, 0, 219, 235, 69, 124, 226, 115,
       70, 34, 96, 37, 189, 101, 12, 79, 71, 41, 114, 166, 174, 8, 211,
       53, 64, 51, 24, 212, 104, 106, 104, 122, 249, 8, 239, 203, 69, 52,
       96, 232, 70, 42, 244, 245, 172, 55, 136, 124, 71, 189, 178, 246,
       165, 29, 211, 100, 75, 59, 17, 198, 104, 126, 125, 68, 255, 34,
       235, 195, 69, 61, 232, 243, 206, 82, 121, 44, 156, 101, 9, 14, 68,
       63, 96, 168, 170, 72, 247, 51, 0, 178, 16, 212, 104, 40, 73, 250,
       209, 12, 169, 239, 85, 16, 72, 32, 74, 40, 27, 207, 122, 255, 118,
       130, 191, 246, 30, 0, 94, 162, 253, 239, 179, 96, 127, 123, 151,
       197, 226, 152, 46, 255, 254, 239, 190, 128, 53, 219, 49, 249, 43,
       205, 98, 158, 85, 215, 190, 226, 95, 76, 88, 135, 104, 236, 55,
       224, 254, 235, 147, 199, 198, 186, 46, 255, 63, 63, 139, 139, 23,
       79, 125, 223, 89, 144, 155, 184, 40, 237, 88, 22, 190, 91, 162,
       28, 159, 211, 96, 120, 163, 171, 92, 28, 31, 77, 18, 17, 217, 223,
       50, 120, 184, 64, 139, 18, 11, 31, 106, 158, 118, 147, 191, 115,
       30, 68, 94, 231, 109, 238, 183, 64, 126, 123, 151, 197, 231, 186,
       46, 255, 54, 111, 174, 130, 55, 222, 53, 221, 209, 48, 27, 177,
       168, 252, 96, 22, 254, 91, 146, 124, 151, 150, 192, 248, 225, 55,
       124, 16, 191, 77, 243, 17, 213, 225, 122, 216, 168, 64, 9, 59,
       147, 158, 103, 167, 50, 34, 174, 118, 61, 66, 91, 247, 125, 110,
       180, 225, 118, 231, 31, 175, 245, 153, 5, 207, 188, 110, 170, 192,
       45, 230, 177, 93, 89, 185, 61, 53, 168, 221, 69, 55, 235, 233,
       174, 28, 247, 180, 82, 178, 128, 230, 124, 13, 221, 73, 243, 37,
       243, 249, 53, 80, 72, 0, 203, 120, 113, 57, 172, 53, 12, 95, 85,
       63, 226, 250, 134, 12, 243, 60, 82, 59, 129, 230, 124, 29, 221,
       105, 251, 0, 219, 251, 245, 49, 8, 96, 218, 122, 117, 248, 189,
       117, 140, 14, 84, 191, 66, 186, 146, 72, 211, 121, 85, 43, 137,
       212, 125, 51, 252, 103, 251, 32, 219, 203, 245, 188, 193, 120, 80,
       11, 117, 248, 173, 101, 140, 79, 95, 170, 202, 243, 128, 9, 211,
       60, 85, 58, 129, 197, 125, 21, 13, 107, 255, 48, 207, 159, 253,
       61, 136, 121, 86, 90, 125, 86, 111, 101, 38, 34, 239, 184, 116,
       226, 255, 230, 83, 111, 159, 120, 127, 196, 61, 238, 169, 178,
       109, 46, 114, 239, 231, 132, 237, 243, 112, 113, 217, 183, 61,
       103, 168, 92, 157, 61, 233, 254, 183, 253, 223, 125, 218, 35, 135,
       85, 253, 47, 249, 101, 239, 140, 235, 251, 111, 156, 110, 230,
       135, 121, 102, 180, 176, 152, 207, 125, 176, 203, 155, 255, 133,
       31, 140, 252, 110, 78, 133, 95, 251, 17, 22, 75, 250, 208, 31,
       114, 95, 127, 146, 109, 159, 215, 239, 241, 49, 222, 239, 217, 87,
       232, 91, 56, 241, 40, 238, 244, 237, 180, 155, 219, 222, 98, 75,
       99, 250, 223, 177, 84, 5, 63, 82, 62, 6, 37, 130, 184, 50, 250,
       255, 205, 184, 231, 159, 93, 84, 19, 172, 222, 110, 0, 167, 59,
       179, 17, 182, 120, 18, 247, 111, 22, 30, 235, 146, 28, 165, 223,
       168, 98, 121, 125, 96, 95, 85, 24, 55, 174, 244, 9, 251, 103, 1,
       25, 220, 220, 231, 106, 40, 246, 97, 26, 199, 219, 97, 49, 98,
       185, 70, 227, 125, 64, 105, 101, 36, 10, 111, 48, 96, 226, 119,
       194, 211, 1, 153, 112, 58, 204, 84, 238, 201, 180, 229, 8, 198,
       233, 161, 132, 101, 187, 82, 225, 213, 85, 29, 103, 160, 14, 71,
       184, 100, 162, 175, 72, 215, 115, 9, 115, 16, 84, 120, 106, 105,
       208, 249, 46, 229, 171, 101, 20, 104, 243, 130, 32, 141, 120, 183,
       103, 37, 78, 115, 48, 124, 232, 99, 8, 215, 123, 9, 50, 144, 84,
       124, 106, 161, 240, 121, 44, 205, 251, 99, 0, 64, 35, 71, 243, 22,
       14, 222, 149, 178, 130, 47, 242, 188, 142, 82, 231, 101, 162, 161,
       193, 55, 119, 46, 135, 96, 217, 4, 110, 188, 38, 127, 128, 172,
       240, 41, 9, 253, 65, 107, 101, 4, 10, 111, 112, 100, 160, 247,
       234, 83, 1, 145, 112, 122, 196, 78, 234, 201, 178, 101, 12, 246,
       233, 160, 132, 101, 187, 98, 32, 171, 236, 96, 26, 77, 157, 190,
       238, 219, 87, 109, 159, 40, 232, 118, 148, 201, 234, 194, 199,
       230, 126, 222, 247, 62, 94, 213, 59, 95, 29, 218, 206, 238, 189,
       164, 152, 217, 245, 144, 203, 155, 93, 156, 63, 12, 252, 118, 143,
       141, 179, 243, 145, 190, 107, 250, 211, 27, 81, 157, 255, 211, 76,
       190, 215, 95, 87, 70, 5, 163, 18, 110, 188, 37, 238, 94, 230, 75,
       34, 155, 247, 54, 196, 188, 238, 237, 145, 45, 142, 178, 239, 229,
       133, 47, 247, 169, 85, 85, 8, 157, 53, 136, 40, 64, 10, 230, 179,
       163, 80, 215, 226, 65, 90, 1, 68, 104, 10, 9, 225, 203, 0, 128,
       162, 119, 20, 128, 113, 65, 32, 234, 169, 160, 16, 221, 209, 208,
       199, 219, 125, 164, 25, 8, 168, 118, 159, 201, 138, 227, 21, 62,
       107, 226, 241, 59, 91, 221, 127, 211, 76, 222, 206, 153, 94, 111,
       21, 50, 242, 63, 182, 52, 206, 94, 230, 61, 54, 163, 229, 38, 119,
       189, 239, 225, 156, 37, 110, 102, 103, 110, 128, 47, 245, 37, 121,
       15, 95, 51, 254, 125, 148, 191, 112, 141, 200, 221, 70, 252, 255,
       53, 96, 238, 249, 151, 239, 193, 163, 58, 236, 119, 125, 171, 138,
       31, 59, 49, 243, 104, 51, 1, 101, 29, 79, 67, 24, 39, 232, 167,
