%YAML:1.0
Mat9: !!opencv-matrix
   rows: 500
   cols: 32
   dt: u
   data: [ 0, 47, 31, 187, 206, 171, 175, 231, 46, 35, 210, 211, 212,
       162, 32, 74, 111, 255, 123, 131, 49, 255, 195, 244, 252, 32, 254,
       192, 156, 89, 177, 136, 64, 177, 25, 241, 232, 237, 81, 215, 62,
       63, 32, 24, 151, 183, 64, 88, 145, 27, 77, 24, 27, 90, 242, 23,
       205, 148, 49, 124, 144, 64, 135, 235, 157, 78, 237, 119, 178, 42,
       111, 182, 116, 162, 110, 244, 243, 33, 145, 112, 55, 102, 108,
       238, 233, 220, 237, 46, 232, 175, 37, 128, 237, 241, 192, 56, 248,
       52, 19, 112, 57, 253, 82, 26, 179, 170, 172, 8, 191, 215, 65, 244,
       145, 188, 236, 42, 43, 71, 250, 31, 211, 209, 1, 59, 34, 33, 70,
       50, 252, 115, 122, 98, 54, 11, 115, 248, 225, 36, 183, 172, 95,
       65, 139, 17, 58, 148, 204, 106, 72, 163, 137, 45, 242, 233, 33,
       53, 103, 179, 78, 3, 64, 185, 157, 115, 169, 204, 117, 151, 170,
       57, 162, 88, 190, 183, 64, 58, 129, 87, 121, 24, 19, 73, 219, 113,
       237, 159, 84, 126, 200, 64, 135, 59, 225, 117, 124, 72, 77, 253,
       208, 78, 207, 224, 252, 28, 82, 216, 86, 178, 200, 172, 122, 44,
       143, 103, 210, 145, 23, 217, 1, 59, 91, 8, 90, 134, 248, 189, 30,
       254, 57, 237, 86, 240, 187, 26, 172, 8, 127, 255, 33, 17, 133,
       251, 221, 66, 106, 111, 218, 191, 243, 219, 69, 59, 114, 83, 103,
       27, 224, 49, 19, 72, 121, 249, 48, 75, 235, 96, 168, 40, 158, 214,
       4, 180, 190, 181, 234, 32, 1, 99, 226, 82, 21, 180, 1, 59, 67, 2,
       39, 167, 87, 65, 47, 207, 156, 198, 171, 232, 236, 192, 207, 2,
       208, 242, 189, 100, 120, 228, 122, 239, 1, 145, 63, 236, 157, 42,
       207, 68, 148, 51, 113, 100, 216, 253, 24, 250, 185, 205, 84, 254,
       187, 27, 172, 24, 190, 223, 64, 82, 133, 251, 253, 80, 106, 79,
       218, 247, 251, 245, 31, 123, 18, 80, 135, 27, 53, 73, 97, 111, 84,
       95, 199, 124, 84, 224, 121, 74, 83, 17, 145, 32, 88, 236, 22, 110,
       201, 178, 125, 12, 37, 140, 165, 0, 125, 187, 82, 168, 6, 76, 130,
       158, 21, 135, 174, 196, 22, 130, 64, 2, 32, 200, 49, 64, 89, 106,
       19, 211, 98, 188, 26, 255, 33, 38, 158, 8, 148, 27, 48, 136, 214,
       159, 14, 190, 152, 167, 79, 251, 180, 134, 238, 135, 97, 231, 59,
       80, 125, 243, 43, 174, 248, 131, 26, 127, 250, 231, 143, 136, 57,
       242, 36, 80, 20, 134, 255, 252, 178, 66, 55, 249, 52, 134, 246,
       226, 95, 247, 161, 113, 119, 253, 174, 162, 112, 249, 45, 78, 248,
       231, 103, 133, 229, 226, 37, 33, 86, 165, 144, 50, 155, 169, 0,
       202, 187, 177, 137, 29, 134, 226, 72, 158, 161, 7, 232, 17, 30,
       75, 218, 50, 152, 150, 29, 127, 200, 69, 139, 6, 201, 148, 255,
       103, 180, 46, 111, 55, 124, 74, 126, 88, 247, 55, 144, 115, 151,
       118, 124, 44, 185, 252, 113, 15, 239, 255, 96, 208, 194, 168, 195,
       105, 37, 73, 157, 69, 116, 31, 230, 52, 120, 234, 114, 76, 211,
       56, 149, 49, 152, 108, 82, 110, 229, 240, 93, 14, 38, 190, 69, 52,
       72, 187, 90, 140, 5, 149, 19, 71, 244, 62, 106, 50, 125, 8, 111,
       64, 223, 115, 140, 244, 148, 78, 110, 46, 177, 176, 121, 47, 47,
       254, 32, 68, 202, 227, 203, 160, 116, 44, 26, 254, 9, 237, 80, 72,
       190, 18, 161, 9, 247, 219, 105, 25, 137, 177, 76, 2, 42, 103, 218,
       59, 209, 215, 65, 57, 112, 99, 2, 2, 237, 97, 237, 71, 204, 31,
       71, 152, 97, 248, 173, 76, 211, 65, 217, 63, 24, 196, 100, 110,
       201, 114, 253, 40, 119, 137, 101, 52, 75, 243, 82, 224, 0, 204,
       11, 190, 20, 163, 171, 242, 22, 2, 90, 66, 113, 203, 49, 64, 89,
       106, 2, 203, 3, 188, 10, 63, 96, 166, 170, 128, 53, 27, 112, 168,
       254, 116, 22, 248, 171, 239, 20, 108, 191, 6, 160, 57, 206, 255,
       45, 89, 251, 177, 255, 35, 120, 103, 154, 222, 179, 211, 83, 63,
       82, 113, 167, 19, 33, 148, 123, 119, 116, 175, 107, 180, 124, 105,
       127, 112, 243, 115, 152, 112, 87, 30, 22, 40, 177, 184, 105, 47,
       103, 191, 32, 192, 64, 139, 194, 161, 105, 55, 59, 101, 112, 47,
       119, 48, 121, 232, 126, 76, 215, 53, 128, 48, 148, 126, 84, 106,
       225, 176, 241, 14, 231, 255, 37, 0, 72, 227, 66, 113, 217, 240,
       27, 122, 49, 141, 81, 117, 233, 8, 244, 76, 191, 211, 8, 112, 164,
       189, 92, 72, 203, 171, 144, 45, 211, 249, 48, 122, 74, 128, 195,
       43, 84, 98, 159, 244, 42, 74, 21, 56, 164, 156, 163, 40, 247, 119,
       1, 91, 38, 245, 109, 98, 104, 193, 131, 8, 209, 163, 119, 16, 32,
       177, 39, 43, 253, 239, 101, 126, 184, 42, 71, 184, 113, 226, 143,
       252, 211, 97, 153, 117, 19, 198, 108, 110, 249, 225, 237, 62, 184,
       238, 101, 148, 238, 243, 210, 33, 145, 49, 127, 237, 34, 206, 123,
       91, 126, 104, 95, 34, 220, 151, 160, 96, 178, 29, 127, 202, 65,
       209, 179, 214, 245, 237, 43, 128, 44, 2, 161, 187, 88, 201, 6,
       174, 29, 135, 70, 248, 164, 0, 194, 3, 247, 227, 32, 192, 248,
       228, 172, 98, 76, 129, 25, 189, 241, 231, 171, 17, 50, 47, 49, 10,
       244, 164, 185, 100, 157, 79, 71, 171, 114, 226, 174, 8, 83, 119,
       9, 48, 153, 212, 104, 42, 121, 227, 249, 30, 251, 239, 69, 52,
       192, 122, 70, 34, 32, 38, 122, 97, 112, 175, 121, 18, 105, 13,
       126, 12, 179, 3, 134, 16, 22, 56, 70, 44, 128, 184, 97, 76, 71,
       157, 32, 192, 66, 130, 70, 169, 82, 12, 223, 180, 86, 130, 186,
       99, 189, 160, 210, 210, 93, 175, 48, 66, 102, 53, 63, 169, 32,
       251, 4, 206, 124, 46, 171, 128, 165, 160, 33, 169, 66, 24, 19,
       220, 195, 224, 48, 71, 173, 1, 98, 33, 172, 191, 37, 220, 162, 59,
       251, 0, 2, 9, 146, 241, 151, 244, 90, 75, 18, 16, 47, 142, 105,
       186, 57, 101, 45, 157, 67, 152, 111, 232, 164, 76, 242, 17, 81,
       50, 141, 68, 126, 46, 203, 98, 251, 29, 199, 221, 33, 60, 90, 168,
       82, 32, 56, 124, 24, 112, 113, 239, 81, 210, 179, 168, 236, 8, 31,
       151, 3, 56, 135, 185, 196, 16, 9, 31, 80, 62, 211, 205, 48, 113,
       234, 193, 70, 187, 83, 23, 103, 141, 50, 2, 111, 48, 61, 72, 90,
       230, 93, 38, 145, 116, 118, 165, 62, 239, 165, 144, 37, 206, 36,
       46, 170, 192, 45, 167, 33, 117, 214, 175, 87, 91, 218, 242, 191,
       238, 54, 55, 251, 242, 77, 167, 140, 212, 119, 223, 238, 194, 50,
       219, 173, 119, 60, 166, 63, 195, 167, 211, 167, 237, 216, 252, 59,
       250, 57, 205, 83, 240, 178, 28, 161, 9, 191, 215, 96, 81, 133,
       187, 221, 66, 106, 79, 186, 63, 241, 193, 43, 57, 48, 3, 39, 123,
       34, 170, 104, 26, 108, 189, 248, 226, 219, 95, 113, 141, 40, 200,
       246, 9, 169, 43, 227, 5, 134, 106, 174, 241, 30, 24, 81, 171, 85,
       13, 95, 207, 253, 113, 253, 99, 172, 79, 87, 152, 115, 234, 183,
       8, 83, 87, 201, 59, 29, 212, 124, 122, 233, 118, 249, 56, 255,
       203, 101, 52, 226, 243, 66, 99, 166, 213, 116, 219, 254, 171, 189,
       207, 31, 63, 81, 243, 196, 95, 172, 77, 223, 27, 23, 51, 178, 20,
       105, 215, 46, 90, 190, 246, 180, 88, 149, 247, 214, 116, 126, 250,
       175, 109, 116, 207, 173, 50, 191, 58, 222, 255, 77, 91, 235, 215,
       255, 131, 120, 103, 219, 226, 183, 251, 87, 31, 225, 121, 231, 19,
       166, 162, 164, 155, 207, 177, 152, 201, 151, 183, 209, 147, 96,
       232, 127, 15, 217, 235, 179, 145, 62, 103, 206, 243, 15, 86, 223,
       255, 151, 77, 188, 198, 160, 132, 0, 184, 124, 129, 200, 239, 150,
       25, 208, 90, 176, 232, 176, 0, 201, 138, 2, 141, 106, 46, 66, 151,
       44, 22, 186, 124, 28, 8, 208, 136, 93, 60, 158, 54, 139, 172, 117,
       83, 235, 31, 47, 20, 126, 243, 67, 27, 167, 51, 108, 0, 49, 73,
       26, 96, 219, 251, 84, 2, 226, 97, 171, 227, 252, 109, 156, 164,
       137, 95, 86, 253, 35, 180, 172, 9, 95, 119, 67, 147, 144, 213,
       237, 98, 76, 67, 219, 8, 251, 193, 101, 61, 34, 246, 78, 2, 6,
       186, 134, 158, 202, 128, 185, 232, 190, 213, 210, 167, 236, 230,
       171, 15, 127, 251, 235, 149, 134, 75, 175, 245, 24, 54, 223, 202,
       133, 36, 37, 253, 40, 92, 60, 229, 117, 127, 87, 54, 113, 46, 254,
       8, 255, 57, 1, 17, 204, 245, 205, 106, 104, 190, 113, 175, 231,
